0.00482001 1
0.00512208 3
0.0090939 2
0.0174669 4
0.0258421 0
0.0342361 6
0.042647 9
0.0510019 5
0.0594 8
0.067866 7
0.0761501 11
0.084515 10
0.0928711 12
0.101222 13
0.109621 14
0.11802 15
0.126438 16
0.134793 17
0.143136 18
0.151532 19
0.159857 20
0.168262 21
0.176649 22
0.18499 23
0.193359 24
0.201707 25
0.210129 26
0.218506 27
0.226891 28
0.235273 29
0.243603 30
0.252025 31
0.260395 32
0.268768 33
0.277151 34
0.28552 35
0.293884 36
0.302276 37
0.310641 38
0.319018 39
0.327411 40
0.335769 41
0.344132 42
0.352499 43
0.360898 44
0.369201 45
0.377607 46
0.385954 47
0.394327 48
0.402692 49
0.411126 50
0.419496 51
0.427904 52
0.436214 53
0.444623 55
0.453014 54
0.461398 56
0.469709 57
0.478123 58
0.486497 59
0.494883 60
0.503248 61
0.511605 63
0.519962 62
0.528348 64
0.536722 65
0.545086 66
0.553477 67
0.561898 68
0.570274 69
0.578648 70
0.587027 71
0.595388 72
0.603757 73
0.612156 74
0.620474 75
0.628897 76
0.637218 77
0.645649 78
0.654045 79
0.662401 80
0.670769 81
0.679151 82
0.687535 83
0.695898 84
0.704295 85
0.71265 87
0.72103 86
0.729393 88
0.737769 89
0.746162 90
0.754563 91
0.762897 92
0.771267 93
0.779612 95
0.788046 94
0.796431 96
0.804779 97
0.81315 98
0.821535 99
0.829932 100
0.838266 101
0.846657 102
0.855034 103
0.863398 104
0.871775 105
0.88017 106
0.888561 107
0.896948 108
0.905276 109
0.913662 110
0.922054 111
0.930409 112
0.938785 113
0.947164 114
0.95557 115
0.963901 116
0.972273 117
0.980665 118
0.989047 119
0.997406 120
1.00578 121
1.01416 122
1.02258 123
1.0309 124
1.03932 125
1.04763 126
1.05601 127
1.06438 128
1.07274 129
1.08118 130
1.08954 131
1.09794 132
1.1063 133
1.11468 134
1.12308 135
1.13137 136
1.13973 137
1.14812 138
1.15648 139
1.1649 140
1.17326 141
1.18163 142
1.18997 143
1.19836 144
1.20673 145
1.21515 146
1.2235 147
1.23188 148
1.24027 149
1.24866 150
1.25705 151
1.26539 152
1.27376 153
1.28214 154
1.29052 155
1.29889 156
1.3073 157
1.31564 158
1.32399 159
1.33236 160
1.34073 161
1.34914 162
1.35752 163
1.36589 164
1.37427 165
1.38263 166
1.391 167
1.39939 168
1.40776 169
1.41614 170
1.4245 171
1.43289 172
1.44125 173
1.44964 174
1.45806 175
1.46643 176
1.47477 177
1.48316 178
1.49154 179
1.49991 180
1.50827 181
1.51666 182
1.52502 183
1.53341 184
1.54179 185
1.55015 186
1.55855 187
1.56692 188
1.57529 189
1.58365 190
1.59202 191
1.60043 192
1.60898 193
1.61717 194
1.62553 195
1.63391 196
1.64227 197
1.65066 198
1.65904 199
1.66747 200
1.67585 201
1.68421 202
1.6926 203
1.70099 204
1.70934 205
1.71771 206
1.72611 207
1.73448 208
1.7428 209
1.75118 210
1.75954 211
1.7679 212
1.77629 213
1.78465 214
1.79305 215
1.8014 216
1.80975 217
1.81817 218
1.82654 219
1.83491 220
1.84329 221
1.85162 222
1.86004 223
1.86843 224
1.87678 225
1.88516 226
1.89353 227
1.90192 228
1.91023 229
1.91867 230
1.92699 231
1.93538 232
1.94377 233
1.95213 234
1.96051 235
1.96887 236
1.97725 237
1.98562 238
1.994 239
2.00238 240
2.01075 241
2.01911 242
2.02751 243
2.03589 244
2.04425 245
2.05262 246
2.06101 247
2.06939 248
2.07778 249
2.08614 250
2.09451 251
2.10289 252
2.11125 253
2.11962 254
2.12801 255
2.13639 256
2.14477 257
2.15312 258
2.16152 259
2.16989 260
2.17826 261
2.18663 262
2.19501 263
2.2034 264
2.21177 265
2.22012 266
2.22852 267
2.23689 268
2.24527 269
2.25362 270
2.26202 271
2.2704 272
2.27875 273
2.28714 274
2.29552 275
2.30389 276
2.31227 277
2.32064 278
2.32902 279
2.3374 280
2.34577 281
2.35412 282
2.3625 283
2.37089 284
2.37927 285
2.38762 286
2.39603 287
2.4044 288
2.41277 289
2.42113 290
2.42952 291
2.43793 292
2.44627 293
2.45465 294
2.46299 295
2.47138 296
2.47984 297
2.48813 298
2.49651 299
2.50495 300
2.51326 301
2.52163 302
2.53004 303
2.53845 304
2.54679 305
2.55515 306
2.56353 307
2.57194 308
2.58031 309
2.58869 310
2.59704 311
2.60542 312
2.61378 313
2.62219 314
2.63056 315
2.63892 316
2.64726 317
2.65571 318
2.66406 319
2.67246 320
2.68076 321
2.68913 322
2.69751 323
2.70593 324
2.71428 325
2.72264 326
2.731 327
2.73942 328
2.74782 329
2.75617 330
2.76457 331
2.77295 332
2.78129 333
2.78966 334
2.79804 335
2.80643 336
2.81479 337
2.82319 338
2.83156 339
2.83989 340
2.84827 341
2.85668 342
2.86505 343
2.87344 344
2.88183 345
2.8902 346
2.89858 347
2.90694 348
2.91529 349
2.92377 350
2.93207 351
2.94043 352
2.94877 353
2.95717 354
2.96554 355
2.97395 356
2.9823 357
2.99067 358
2.99907 359
3.00744 360
3.01588 361
3.02422 362
3.0326 363
3.04095 364
3.04932 365
3.05771 366
3.06608 367
3.07443 368
3.08281 369
3.09121 370
3.09959 371
3.10792 372
3.1163 373
3.1247 374
3.13316 375
3.14143 376
3.1498 377
3.15817 378
3.16655 379
3.17492 380
3.18331 381
3.1917 382
3.20027 383
3.20847 384
3.21688 385
3.22521 386
3.23359 387
3.24195 388
3.25033 389
3.25869 390
3.26705 391
3.27543 392
3.28386 393
3.29216 394
3.30054 395
3.30892 396
3.31731 397
3.32566 398
3.334 399
3.34237 400
3.35078 401
3.35916 402
3.3675 403
3.37587 404
3.3843 405
3.39262 406
3.401 407
3.40938 408
3.41775 409
3.42612 410
3.4345 411
3.44288 412
3.45127 413
3.45962 414
3.46799 415
3.47639 416
3.48477 417
3.49312 418
3.50151 419
3.50989 420
3.51825 421
3.52664 422
3.535 423
3.54338 424
3.55188 425
3.56016 426
3.56854 427
3.57698 428
3.58531 429
3.59373 430
3.60209 431
3.6105 432
3.61883 433
3.62717 434
3.63559 435
3.64397 436
3.65234 437
3.66071 438
3.66909 439
3.67748 440
3.68584 441
3.69422 442
3.70259 443
3.71096 444
3.71934 445
3.72769 446
3.7361 447
3.74449 448
3.75284 449
3.76121 450
3.76959 451
3.77795 452
3.78634 453
3.79472 454
3.80308 455
3.81146 456
3.81988 457
3.82822 458
3.83659 459
3.84497 460
3.85335 461
3.86171 462
3.87008 463
3.87848 464
3.88684 465
3.89523 466
3.90358 467
3.91197 468
3.92031 469
3.92865 470
3.93703 471
3.9454 472
3.95384 473
3.96222 474
3.97059 475
3.97897 476
3.98734 477
3.99574 478
4.0041 479
4.01247 480
4.02084 481
4.02917 482
4.03754 483
4.04593 484
4.05431 485
4.06265 486
4.07109 487
4.07947 488
4.08789 489
4.09622 490
4.1046 491
4.11299 492
4.12135 493
4.12969 494
4.13805 495
4.14646 496
4.15483 497
4.16325 498
4.17163 499
4.17998 500
4.1884 501
4.19675 502
4.20513 503
4.2135 504
4.2219 505
4.23026 506
4.23865 507
4.24695 508
4.25533 509
4.26372 510
4.27205 511
4.28042 512
4.28882 513
4.29721 514
4.30556 515
4.31394 516
4.3223 517
4.33068 518
4.33906 519
4.3475 520
4.35591 521
4.36426 522
4.3726 523
4.38102 524
4.38938 525
4.39776 526
4.40611 527
4.41451 528
4.42287 529
4.43122 530
4.43965 531
4.44798 532
4.45639 533
4.46473 534
4.47308 535
4.48151 536
4.48988 537
4.49824 538
4.50659 539
4.51501 540
4.52336 541
4.53179 542
4.54012 543
4.54849 544
4.55688 545
4.56524 546
4.57362 547
4.58199 548
4.59038 549
4.59875 550
4.60714 551
4.61551 552
4.62387 553
4.63224 554
4.64064 555
4.64899 556
4.65738 557
4.66574 558
4.67412 559
4.68249 560
4.69088 561
4.69924 562
4.70757 563
4.71594 564
4.72431 565
4.73269 566
4.74106 567
4.74943 568
4.75783 569
4.76624 570
4.77464 571
4.78299 572
4.79137 573
4.79974 574
4.80809 575
4.8165 576
4.8252 577
4.83326 578
4.84164 579
4.85002 580
4.85837 581
4.86673 582
4.87509 583
4.88346 584
4.89182 585
4.90023 586
4.90864 587
4.91704 588
4.92535 589
4.93373 590
4.9421 591
4.95052 592
4.95887 593
4.96728 594
4.97559 595
4.98396 596
4.99233 597
5.00074 598
5.00912 599
5.01788 600
5.02623 601
5.03461 602
5.04296 603
5.05133 604
5.05975 605
5.06807 606
5.07646 607
5.08485 608
5.09321 609
5.10159 610
5.10998 611
5.11836 612
5.12673 613
5.13512 614
5.14347 615
5.15187 616
5.16022 617
5.16863 618
5.17698 619
5.18538 620
5.19374 621
5.20209 622
5.21047 623
5.21883 624
5.2272 625
5.23558 626
5.24396 627
5.25235 628
5.26074 629
5.26913 630
5.27749 631
5.28589 632
5.29424 633
5.30264 634
5.31098 635
5.31938 636
5.32776 637
5.33617 638
5.34456 639
5.35291 640
5.36129 641
5.36967 642
5.37806 643
5.38642 644
5.39478 645
5.40316 646
5.41155 647
5.41993 648
5.42823 649
5.43665 650
5.445 651
5.45342 652
5.46178 653
5.47012 654
5.47853 655
5.48691 656
5.4953 657
5.50367 658
5.51204 659
5.52039 660
5.52877 661
5.53717 662
5.5455 663
5.5539 664
5.56221 665
5.57062 666
5.57898 667
5.58732 668
5.59571 669
5.60413 670
5.6125 671
5.62086 672
5.62925 673
5.63762 674
5.64599 675
5.65434 676
5.66271 677
5.67111 678
5.67945 679
5.68791 680
5.69621 681
5.70467 682
5.71304 683
5.7214 684
5.72977 685
5.7381 686
5.74649 687
5.7549 688
5.76329 689
5.77162 690
5.78 691
5.78841 692
5.79677 693
5.80513 694
5.81352 695
5.82189 696
5.83026 697
5.83865 698
5.84702 699
5.85539 700
5.86377 701
5.87211 702
5.88052 703
5.8889 704
5.89726 705
5.90565 706
5.91402 707
5.9224 708
5.93077 709
5.93912 710
5.94752 711
5.95589 712
5.96424 713
5.97262 714
5.98101 715
5.98939 716
5.99777 717
6.00614 718
6.01452 719
6.0229 720
6.03127 721
6.03965 722
6.04802 723
6.05639 724
6.06477 725
6.07312 726
6.08151 727
6.08989 728
6.09821 729
6.10659 730
6.11501 731
6.12335 732
6.13172 733
6.14009 734
6.1485 735
6.15688 736
6.16526 737
6.17359 738
6.18197 739
6.19033 740
6.19872 741
6.2071 742
6.21547 743
6.22386 744
6.2322 745
6.24058 746
6.24901 747
6.2574 748
6.26577 749
6.27415 750
6.28252 751
6.29089 752
6.29927 753
6.30767 754
6.31602 755
6.3244 756
6.33277 757
6.34114 758
6.34954 759
6.35787 760
6.36622 761
6.37461 762
6.38302 763
6.39136 764
6.39973 765
6.40816 766
6.41651 767
6.42487 768
6.43323 769
6.44164 770
6.45032 771
6.45837 772
6.46673 773
6.47511 774
6.48347 775
6.49186 776
6.50021 777
6.50861 778
6.51699 779
6.52538 780
6.53372 781
6.54213 782
6.55048 783
6.55884 784
6.56722 785
6.57559 786
6.58396 787
6.59234 788
6.6007 789
6.60907 790
6.61745 791
6.62585 792
6.63421 793
6.6426 794
6.651 795
6.65937 796
6.66771 797
6.67608 798
6.68446 799
6.69283 800
6.70121 801
6.70961 802
6.71797 803
6.72638 804
6.73475 805
6.74313 806
6.75148 807
6.75991 808
6.76825 809
6.77664 810
6.78499 811
6.79338 812
6.80177 813
6.81013 814
6.81846 815
6.82683 816
6.83521 817
6.84358 818
6.85199 819
6.86036 820
6.86875 821
6.87713 822
6.88548 823
6.89389 824
6.90224 825
6.91064 826
6.91897 827
6.92738 828
6.93571 829
6.94413 830
6.9525 831
6.96088 832
6.96922 833
6.97764 834
6.98597 835
6.99438 836
7.00274 837
7.01113 838
7.01947 839
7.02788 840
7.03623 841
7.04459 842
7.05298 843
7.06136 844
7.06971 845
7.07811 846
7.08649 847
7.09485 848
7.10323 849
7.11161 850
7.11998 851
7.12835 852
7.13675 853
7.14512 854
7.15347 855
7.16186 856
7.17023 857
7.17864 858
7.18698 859
7.19536 860
7.20374 861
7.21211 862
7.22047 863
7.22885 864
7.23723 865
7.24561 866
7.25398 867
7.26235 868
7.27073 869
7.27912 870
7.28748 871
7.29586 872
7.30426 873
7.31262 874
7.321 875
7.32936 876
7.33772 877
7.34612 878
7.35448 879
7.36286 880
7.37123 881
7.37962 882
7.38798 883
7.39636 884
7.40475 885
7.41312 886
7.4215 887
7.42987 888
7.43823 889
7.44661 890
7.45499 891
7.46336 892
7.47175 893
7.48011 894
7.48848 895
7.49686 896
7.50524 897
7.51361 898
7.52199 899
7.53035 900
7.53874 901
7.5471 902
7.55549 903
7.56393 904
7.57225 905
7.58064 906
7.58903 907
7.59741 908
7.60579 909
7.61416 910
7.62254 911
7.63089 912
7.63926 913
7.64766 914
7.65603 915
7.66441 916
7.67277 917
7.68116 918
7.68953 919
7.69792 920
7.70628 921
7.71464 922
7.72299 923
7.73136 924
7.73974 925
7.74812 926
7.75649 927
7.76486 928
7.77329 929
7.78166 930
7.79003 931
7.79843 932
7.8068 933
7.81518 934
7.82355 935
7.83194 936
7.84029 937
7.84865 938
7.85704 939
7.86543 940
7.87379 941
7.88218 942
7.89054 943
7.89891 944
7.90729 945
7.91569 946
7.92403 947
7.93244 948
7.94086 949
7.94922 950
7.9576 951
7.96595 952
7.97434 953
7.98269 954
7.99104 955
7.99946 956
8.00779 957
8.01615 958
8.02453 959
8.03296 960
8.04135 961
8.04969 962
8.05804 963
8.06646 964
8.07483 965
8.08321 966
8.09152 967
8.09994 968
8.10833 969
8.11669 970
8.12503 971
8.13345 972
8.14184 973
8.15019 974
8.15853 975
8.16694 976
8.17533 977
8.18369 978
8.19204 979
8.20046 980
8.20879 981
8.21718 982
8.22553 983
8.23391 984
8.2423 985
8.25066 986
8.25904 987
8.26743 988
8.27578 989
8.28416 990
8.29253 991
8.30091 992
8.3093 993
8.31766 994
8.32606 995
8.33448 996
8.34297 997
8.35132 998
8.35969 999
