0.0073389 9
0.00783791 3
0.0159539 6
0.0243451 0
0.032736 4
0.0410871 10
0.049538 1
0.0578779 7
0.0662691 5
0.0746211 8
0.083007 2
0.0913669 11
0.0997831 15
0.108118 18
0.116486 12
0.124812 21
0.133186 16
0.14156 19
0.14998 13
0.158351 22
0.166746 17
0.17511 20
0.183518 14
0.19185 23
0.200248 24
0.208569 26
0.216952 27
0.225327 25
0.233718 28
0.242125 31
0.250499 30
0.258892 29
0.267265 32
0.27562 33
0.284019 34
0.292359 35
0.30075 36
0.309131 37
0.317521 38
0.325878 39
0.334252 40
0.342617 41
0.350979 42
0.359366 43
0.367756 44
0.376119 45
0.384505 46
0.392868 47
0.401225 48
0.409616 49
0.417986 50
0.426374 51
0.434756 52
0.443098 53
0.451523 54
0.459827 55
0.468203 56
0.476622 57
0.484983 58
0.493354 59
0.501749 60
0.510109 61
0.518484 62
0.526885 63
0.535254 64
0.543632 65
0.551979 66
0.560392 67
0.568736 68
0.577124 69
0.585492 70
0.593856 71
0.602243 72
0.610607 73
0.618989 74
0.627355 75
0.635736 76
0.644109 77
0.652477 78
0.660856 79
0.669256 80
0.677605 81
0.685983 82
0.694357 83
0.702765 84
0.711112 85
0.71949 86
0.727869 87
0.736248 88
0.744616 89
0.752978 90
0.761355 91
0.769745 92
0.778115 93
0.786481 94
0.794797 95
0.803194 96
0.811555 97
0.819958 98
0.828329 99
0.836749 100
0.845071 101
0.853424 102
0.861812 103
0.870213 104
0.878594 105
0.886932 106
0.895332 107
0.903706 108
0.9121 109
0.920434 110
0.928835 111
0.937186 112
0.945572 113
0.953932 114
0.96233 115
0.970721 116
0.979078 117
0.987433 118
0.995838 119
1.00419 120
1.0126 121
1.02096 122
1.02931 123
1.03769 124
1.04611 125
1.05443 126
1.06281 127
1.07122 128
1.07958 129
1.08794 130
1.09632 131
1.10469 132
1.11307 133
1.12143 134
1.12983 135
1.13819 136
1.14661 137
1.15493 138
1.16332 139
1.17166 140
1.18005 141
1.18842 142
1.19681 143
1.20518 144
1.21354 145
1.22196 146
1.23032 147
1.2387 148
1.24707 149
1.25545 150
1.26383 151
1.27221 152
1.28058 153
1.28895 154
1.29729 155
1.30572 156
1.31406 157
1.32243 158
1.33079 159
1.33917 160
1.34754 161
1.35598 162
1.36431 163
1.37269 164
1.38108 165
1.38945 166
1.39782 167
1.40619 168
1.41457 169
1.42295 170
1.43135 171
1.43972 172
1.44816 173
1.45654 174
1.46491 175
1.47329 176
1.48167 177
1.49003 178
1.4984 179
1.50679 180
1.51513 181
1.52355 182
1.53189 183
1.54026 184
1.54862 185
1.55699 186
1.56536 187
1.57374 188
1.58206 189
1.59044 190
1.59882 191
1.6072 192
1.61557 193
1.62394 194
1.63231 195
1.64069 196
1.64907 197
1.65743 198
1.66581 199
1.6742 200
1.68257 201
1.69093 202
1.69931 203
1.70768 204
1.71606 205
1.72448 206
1.73285 207
1.74122 208
1.74956 209
1.75795 210
1.76633 211
1.77472 212
1.78308 213
1.79145 214
1.79983 215
1.80821 216
1.81658 217
1.82495 218
1.83332 219
1.84172 220
1.85007 221
1.85846 222
1.86684 223
1.87521 224
1.88357 225
1.89195 226
1.90032 227
1.90871 228
1.91708 229
1.92545 230
1.93382 231
1.9422 232
1.95058 233
1.95895 234
1.96734 235
1.97569 236
1.98408 237
1.99245 238
2.00084 239
2.00921 240
2.01758 241
2.02595 242
2.03432 243
2.04271 244
2.05107 245
2.05946 246
2.06783 247
2.07619 248
2.08459 249
2.09295 250
2.10132 251
2.10971 252
2.11808 253
2.12645 254
2.13482 255
2.1432 256
2.15157 257
2.15995 258
2.16831 259
2.17674 260
2.18508 261
2.19347 262
2.20186 263
2.21024 264
2.21862 265
2.22696 266
2.23536 267
2.24369 268
2.25207 269
2.26044 270
2.26882 271
2.27719 272
2.28557 273
2.29395 274
2.30232 275
2.31074 276
2.31908 277
2.32746 278
2.33586 279
2.34424 280
2.3526 281
2.36098 282
2.36935 283
2.37774 284
2.38608 285
2.39445 286
2.40284 287
2.41122 288
2.41958 289
2.42799 290
2.43636 291
2.44475 292
2.45311 293
2.46149 294
2.46982 295
2.47821 296
2.48658 297
2.49495 298
2.50335 299
2.51172 300
2.5201 301
2.52846 302
2.53684 303
2.54521 304
2.55358 305
2.56196 306
2.57036 307
2.57873 308
2.58711 309
2.59546 310
2.60387 311
2.6122 312
2.62057 313
2.62895 314
2.63732 315
2.64569 316
2.65412 317
2.66244 318
2.67085 319
2.67922 320
2.68757 321
2.69598 322
2.70434 323
2.71276 324
2.72109 325
2.72951 326
2.73789 327
2.74627 328
2.75463 329
2.76299 330
2.77136 331
2.7797 332
2.7881 333
2.79649 334
2.80485 335
2.81323 336
2.82161 337
2.83007 338
2.83837 339
2.84677 340
2.85516 341
2.8635 342
2.87189 343
2.88027 344
2.88863 345
2.89701 346
2.90537 347
2.91376 348
2.92215 349
2.9305 350
2.93886 351
2.94726 352
2.95567 353
2.96401 354
2.9724 355
2.98077 356
2.98914 357
2.9975 358
3.00589 359
3.01424 360
3.02261 361
3.03097 362
3.03934 363
3.04773 364
3.05612 365
3.06447 366
3.07285 367
3.08128 368
3.08965 369
3.09804 370
3.10641 371
3.1148 372
3.12315 373
3.1315 374
3.13993 375
3.14829 376
3.15667 377
3.16506 378
3.17341 379
3.18179 380
3.19015 381
3.19855 382
3.20692 383
3.21529 384
3.22366 385
3.23203 386
3.24042 387
3.24879 388
3.25716 389
3.26553 390
3.27392 391
3.28229 392
3.29066 393
3.29902 394
3.30741 395
3.31579 396
3.32415 397
3.33253 398
3.34096 399
3.34934 400
3.35768 401
3.36606 402
3.37444 403
3.38282 404
3.3912 405
3.39957 406
3.40795 407
3.4163 408
3.4247 409
3.43303 410
3.44138 411
3.44975 412
3.45814 413
3.46652 414
3.4749 415
3.48325 416
3.49163 417
3.50002 418
3.50838 419
3.51681 420
3.52512 421
3.53353 422
3.5419 423
3.55027 424
3.55865 425
3.567 426
3.57543 427
3.58372 428
3.59211 429
3.6005 430
3.60886 431
3.61724 432
3.62562 433
3.634 434
3.64241 435
3.65074 436
3.65911 437
3.6675 438
3.67592 439
3.68424 440
3.69262 441
3.701 442
3.70941 443
3.71778 444
3.72616 445
3.73453 446
3.74289 447
3.75127 448
3.75963 449
3.76799 450
3.77646 451
3.78483 452
3.7932 453
3.80152 454
3.80991 455
3.81825 456
3.82663 457
3.83503 458
3.84337 459
3.85179 460
3.86019 461
3.86857 462
3.87693 463
3.88532 464
3.89368 465
3.90206 466
3.91043 467
3.91878 468
3.92716 469
3.93551 470
3.94396 471
3.95227 472
3.96061 473
3.96903 474
3.97736 475
3.98576 476
3.99411 477
4.00254 478
4.01087 479
4.01925 480
4.02762 481
4.03605 482
4.04441 483
4.05277 484
4.06112 485
4.06952 486
4.07788 487
4.08629 488
4.09464 489
4.10302 490
4.11138 491
4.11974 492
4.12813 493
4.1365 494
4.14488 495
4.15339 496
4.16163 497
4.17003 498
4.17842 499
4.18681 500
4.19516 501
4.20356 502
4.212 503
4.22033 504
4.22872 505
4.23711 506
4.24545 507
4.25383 508
4.26217 509
4.2706 510
4.27896 511
4.28736 512
4.29566 513
4.3041 514
4.31242 515
4.3208 516
4.32915 517
4.33758 518
4.34591 519
4.3543 520
4.36266 521
4.37101 522
4.37938 523
4.38781 524
4.39621 527
4.40459 526
4.41298 525
4.42135 528
4.42972 529
4.43808 530
4.44647 531
4.45514 532
4.46317 533
4.47151 534
4.47993 535
4.48832 536
4.49668 537
4.50506 538
4.51343 539
4.5218 540
4.53019 541
4.53855 542
4.54694 543
4.5553 544
4.56368 545
4.57204 546
4.58043 547
4.5888 548
4.59717 551
4.60555 550
4.61394 549
4.62231 552
4.63068 553
4.63904 554
4.64743 555
4.65581 556
4.66418 557
4.67255 558
4.68094 559
4.6893 560
4.69768 561
4.70606 562
4.71444 563
4.7228 564
4.73118 565
4.73955 566
4.74793 567
4.75631 568
4.76466 569
4.77307 570
4.78137 571
4.78976 572
4.79818 573
4.80654 574
4.81494 575
4.82329 576
4.83166 577
4.84006 578
4.84841 579
4.85678 580
4.86521 581
4.87355 582
4.88193 583
4.8903 584
4.89868 585
4.9071 586
4.91544 587
4.92379 588
4.93215 589
4.94054 590
4.94892 591
4.95814 592
4.96567 593
4.97404 594
4.98246 595
4.99083 596
4.99915 597
5.00802 598
5.01595 599
5.02434 600
5.0327 601
5.04111 602
5.04944 603
5.05784 604
5.06618 605
5.07454 606
5.08292 607
5.0913 608
5.09967 609
5.10804 610
5.11643 611
5.1248 612
5.13318 613
5.14154 614
5.14993 615
5.15831 616
5.16669 617
5.17507 618
5.18345 619
5.19186 620
5.20038 621
5.2086 622
5.21695 623
5.22531 624
5.23368 625
5.24206 626
5.25043 627
5.2588 628
5.2672 629
5.27555 630
5.28397 631
5.29232 632
5.30068 633
5.30912 634
5.31749 635
5.32586 636
5.33424 637
5.34261 638
5.35097 639
5.35937 640
5.36773 641
5.37612 642
5.38449 643
5.39286 644
5.40122 645
5.40961 646
5.41799 647
5.42638 648
5.43473 649
5.4431 650
5.45144 651
5.4598 652
5.46819 653
5.47657 654
5.48496 655
5.49328 656
5.50166 657
5.51001 658
5.5184 659
5.52683 660
5.53515 661
5.54354 662
5.55195 663
5.56033 664
5.56872 665
5.57709 666
5.58545 667
5.59385 668
5.6022 669
5.61058 670
5.61895 671
5.62735 672
5.63569 673
5.64408 674
5.65245 675
5.66084 676
5.66921 677
5.67758 678
5.68596 679
5.69433 680
5.7027 681
5.71108 682
5.71945 683
5.72783 684
5.73621 685
5.74458 686
5.75296 687
5.76132 688
5.76971 689
5.77808 690
5.78645 691
5.79483 692
5.80321 693
5.81155 694
5.81996 695
5.82833 696
5.83671 697
5.84509 698
5.85346 699
5.86183 700
5.8702 701
5.87857 702
5.88695 703
5.89533 704
5.90371 705
5.91203 706
5.92046 707
5.92883 708
5.93721 709
5.94559 710
5.95396 711
5.96233 712
5.97071 713
5.97909 714
5.98746 715
5.99586 716
6.00421 717
6.01258 718
6.02096 719
6.02933 720
6.03771 721
6.04609 722
6.05445 723
6.06284 724
6.07121 725
6.07959 726
6.08797 727
6.09634 728
6.10471 729
6.11309 730
6.12146 731
6.12984 732
6.13821 733
6.14659 734
6.15497 735
6.16333 736
6.17171 737
6.18009 738
6.18846 739
6.19684 740
6.2052 741
6.21366 742
6.22193 743
6.23032 745
6.23871 744
6.24707 746
6.25543 747
6.26383 748
6.27218 749
6.28062 750
6.289 751
6.29737 752
6.3057 753
6.31407 754
6.32242 755
6.33089 756
6.3392 757
6.34757 758
6.35592 759
6.36436 760
6.3727 761
6.38108 762
6.38942 763
6.39783 764
6.40618 765
6.41454 766
6.42292 767
6.43137 769
6.4397 768
6.44805 770
6.45647 771
6.4648 772
6.47315 773
6.48156 774
6.48996 775
6.49833 776
6.50666 777
6.51504 778
6.5234 779
6.5318 780
6.54017 781
6.54859 782
6.55696 783
6.56533 784
6.57367 785
6.58211 786
6.59045 787
6.59887 788
6.60721 789
6.61554 790
6.62394 791
6.63229 792
6.64072 793
6.64905 794
6.65747 795
6.66584 796
6.67761 797
6.68255 798
6.69092 799
6.69929 800
6.70767 801
6.71604 802
6.72442 803
6.73283 804
6.74117 805
6.74957 806
6.75792 807
6.76633 808
6.77468 809
6.78304 810
6.79143 811
6.79983 812
6.80818 813
6.81657 814
6.82497 815
6.83337 816
6.84167 817
6.85005 818
6.85843 819
6.86681 820
6.87517 821
6.88354 822
6.89192 823
6.90029 824
6.90873 825
6.91706 826
6.92543 827
6.9338 828
6.94217 829
6.95056 830
6.95894 831
6.96733 832
6.97569 833
6.98405 834
6.99243 835
7.00082 836
7.00917 837
7.01754 838
7.02594 839
7.0343 840
7.04268 841
7.05105 842
7.05944 843
7.06779 844
7.07616 845
7.08458 846
7.09294 847
7.10132 848
7.10965 849
7.11804 850
7.12645 851
7.13482 852
7.14317 853
7.15154 854
7.16005 855
7.16841 856
7.1767 857
7.18507 858
7.19346 859
7.20183 860
7.21022 861
7.21861 862
7.22701 863
7.23539 864
7.24374 865
7.25209 866
7.2605 867
7.2689 868
7.27726 869
7.2856 870
7.29397 871
7.30235 872
7.31072 873
7.31908 874
7.32747 875
7.33587 876
7.34422 879
7.35261 878
7.36097 877
7.36939 880
7.37775 883
7.38614 882
7.39451 881
7.4029 884
7.41128 887
7.41966 886
7.42802 885
7.4364 888
7.44477 891
7.45314 890
7.46148 889
7.4699 892
7.47825 895
7.48662 894
7.495 893
7.50335 896
7.51172 899
7.52011 898
7.5285 897
7.53685 900
7.54525 901
7.55358 902
7.56201 903
7.57037 904
7.57875 905
7.58712 906
7.59549 907
7.60385 908
7.6122 909
7.62057 910
7.62894 911
7.63732 912
7.6457 913
7.65407 914
7.66244 915
7.67083 916
7.67923 917
7.68759 918
7.69601 919
7.70437 920
7.71272 921
7.72112 922
7.72946 923
7.73787 924
7.74624 925
7.75458 926
7.76296 927
7.77137 928
7.77972 929
7.78811 930
7.79649 931
7.80484 932
7.81321 933
7.82157 934
7.83027 935
7.83835 936
7.84672 937
7.85507 938
7.86347 939
7.87187 940
7.88022 941
7.8886 942
7.89698 943
7.9054 944
7.91375 947
7.92215 946
7.93051 945
7.9389 948
7.94729 951
7.9556 950
7.96399 949
7.97239 952
7.98074 955
7.98912 954
7.99749 953
8.00589 956
8.01424 959
8.02263 958
8.03103 957
8.03936 960
8.04769 963
8.05605 962
8.06445 961
8.07282 964
8.08121 967
8.08956 966
8.09794 965
8.10634 968
8.1147 969
8.12307 970
8.13146 971
8.13983 972
8.14819 973
8.15657 974
8.16494 975
8.17332 976
8.18169 977
8.19007 978
8.19846 979
8.2069 980
8.21521 981
8.22357 982
8.232 983
8.24033 984
8.24871 985
8.25708 986
8.26545 987
8.27395 988
8.2823 989
8.29068 990
8.29912 991
8.30747 992
8.3158 995
8.32418 994
8.3326 993
8.34098 996
8.34935 999
8.35769 998
8.36606 997
