0.00406607 30
0.00724109 31
0.015611 0
0.0240701 10
0.0324169 20
0.0408009 1
0.049156 32
0.0575591 11
0.0658961 21
0.0742999 2
0.0826281 33
0.091061 12
0.0994149 22
0.107829 3
0.116133 34
0.124546 13
0.132901 23
0.141304 4
0.149613 35
0.158026 14
0.16642 24
0.174821 5
0.183135 36
0.191564 15
0.199932 25
0.208258 6
0.216676 37
0.225026 16
0.233406 26
0.24176 7
0.250154 38
0.258551 17
0.266921 27
0.275239 8
0.283619 39
0.291985 18
0.300376 28
0.308728 9
0.317098 40
0.325514 19
0.333832 29
0.342631 44
0.351059 43
0.359408 41
0.367766 42
0.376139 46
0.384542 45
0.392921 47
0.401284 48
0.409637 49
0.418041 50
0.426368 51
0.434778 52
0.443135 53
0.45151 54
0.459909 55
0.468268 56
0.476636 57
0.485015 58
0.493398 59
0.50178 60
0.510149 61
0.518533 62
0.526897 63
0.535285 64
0.543632 65
0.551999 66
0.560375 67
0.56878 68
0.577122 69
0.585501 70
0.593875 71
0.602314 72
0.610644 73
0.619054 74
0.627396 75
0.635809 76
0.644143 77
0.652568 78
0.660909 79
0.669294 80
0.677652 81
0.68605 82
0.694395 83
0.702773 84
0.711144 85
0.719526 86
0.727895 87
0.736269 88
0.744643 89
0.753114 90
0.761343 91
0.76972 92
0.778114 93
0.786473 94
0.794858 95
0.803228 96
0.811603 97
0.819986 98
0.828364 99
0.836728 100
0.845106 101
0.853485 102
0.861848 103
0.870235 104
0.878606 105
0.886987 106
0.895359 107
0.903728 108
0.912107 109
0.920498 110
0.928848 111
0.937231 112
0.9456 113
0.953975 114
0.962319 115
0.970744 116
0.979115 117
0.987482 118
0.995865 119
1.00423 120
1.01262 121
1.02099 122
1.02935 123
1.03773 124
1.0461 125
1.05448 126
1.06285 127
1.07123 128
1.07962 129
1.08799 130
1.09636 131
1.10473 132
1.11311 133
1.12148 134
1.12987 135
1.13824 136
1.1466 137
1.15498 138
1.16336 139
1.17174 140
1.18011 141
1.18848 142
1.19686 143
1.20524 144
1.21361 145
1.22198 146
1.23038 147
1.23877 148
1.24715 149
1.25618 150
1.26394 151
1.27234 152
1.28073 153
1.28906 154
1.29746 155
1.30584 156
1.31421 157
1.32258 158
1.33096 159
1.33936 160
1.34771 161
1.3561 162
1.36447 163
1.37285 164
1.38121 165
1.38955 166
1.39795 167
1.40632 168
1.41469 169
1.42306 170
1.43144 171
1.43982 172
1.44819 173
1.45656 174
1.46495 175
1.47334 176
1.48171 177
1.49009 178
1.49848 179
1.50682 180
1.51514 181
1.52355 182
1.53193 183
1.5403 184
1.54868 185
1.55707 186
1.56543 187
1.5738 188
1.58217 189
1.59057 190
1.59893 191
1.60731 192
1.61565 193
1.624 194
1.63246 195
1.64082 196
1.64916 197
1.65753 198
1.66589 199
1.6743 200
1.68268 201
1.69108 202
1.69945 203
1.70783 204
1.71621 205
1.72457 206
1.73295 207
1.74133 208
1.7497 209
1.75811 210
1.76644 211
1.77486 212
1.78321 213
1.7916 214
1.79997 215
1.80836 216
1.81672 217
1.82508 218
1.83347 219
1.84185 220
1.85021 221
1.85861 222
1.86697 223
1.87532 224
1.88369 225
1.89204 226
1.90044 227
1.90881 228
1.91716 229
1.92552 230
1.93388 231
1.94226 232
1.95066 233
1.95903 234
1.96744 235
1.97583 236
1.98417 237
1.99257 238
2.00094 239
2.00933 240
2.01769 241
2.02607 242
2.0344 243
2.04283 244
2.05119 245
2.05957 246
2.06795 247
2.07634 248
2.08469 249
2.09307 250
2.10145 251
2.10983 252
2.1182 253
2.1266 254
2.13497 255
2.14336 256
2.15172 257
2.1601 258
2.1685 259
2.17679 260
2.18514 261
2.19352 262
2.20189 263
2.2103 264
2.21865 265
2.22702 266
2.23539 267
2.24382 268
2.25219 269
2.26059 270
2.26894 271
2.27734 272
2.28571 273
2.29408 274
2.30237 275
2.31084 276
2.31917 277
2.32758 278
2.33595 279
2.3443 280
2.35266 281
2.36108 282
2.36941 283
2.37816 284
2.3862 285
2.39454 286
2.40292 287
2.4113 288
2.41968 289
2.42809 290
2.43642 291
2.44477 292
2.45314 293
2.46152 294
2.46989 295
2.47828 296
2.48667 297
2.49506 298
2.50345 299
2.51183 300
2.52017 301
2.52858 302
2.5369 303
2.54529 304
2.55367 305
2.56204 306
2.57042 307
2.57879 308
2.58712 309
2.59555 310
2.60391 311
2.6123 312
2.62067 313
2.62905 314
2.63742 315
2.64579 316
2.65417 317
2.66254 318
2.67093 319
2.6793 320
2.68766 321
2.69605 322
2.70442 323
2.71281 324
2.72116 325
2.72956 326
2.73793 327
2.74628 328
2.75466 329
2.76305 330
2.77142 331
2.77978 332
2.78815 333
2.79656 334
2.80491 335
2.8133 336
2.82166 337
2.83007 338
2.83841 339
2.84681 340
2.85515 341
2.86355 342
2.87192 343
2.8803 344
2.88866 345
2.89932 346
2.9054 347
2.91377 348
2.9222 349
2.93055 350
2.9389 351
2.94731 352
2.95564 353
2.96406 354
2.97243 355
2.98077 356
2.98915 357
2.99757 358
3.00595 359
3.01431 360
3.02272 361
3.03106 362
3.03949 363
3.0478 364
3.05623 365
3.06455 366
3.07299 367
3.08131 368
3.08969 369
3.09805 370
3.10651 371
3.1148 372
3.1232 373
3.13156 374
3.13993 375
3.14833 376
3.15666 377
3.16505 378
3.17348 379
3.18181 380
3.19017 381
3.19855 382
3.20692 383
3.2153 384
3.22367 385
3.23205 386
3.24043 387
3.2551 388
3.25718 389
3.26554 390
3.27394 391
3.28232 392
3.29066 393
3.29905 394
3.30744 395
3.3158 396
3.32417 397
3.33255 398
3.34099 399
3.34933 400
3.35768 401
3.36607 402
3.37438 403
3.38287 404
3.39118 405
3.39957 406
3.40793 407
3.41632 408
3.42474 409
3.43306 410
3.44143 411
3.44982 412
3.45818 413
3.46655 414
3.47493 415
3.48331 416
3.49168 417
3.50008 418
3.50845 419
3.5168 420
3.52547 421
3.53356 422
3.54192 423
3.55031 424
3.55867 425
3.56706 426
3.57542 427
3.5838 428
3.5922 429
3.60055 430
3.60893 431
3.61732 432
3.62568 433
3.63407 434
3.64239 435
3.65082 436
3.65918 437
3.66757 438
3.67593 439
3.68432 440
3.69267 441
3.70107 442
3.70943 443
3.71782 444
3.72624 445
3.73456 446
3.74298 447
3.75132 448
3.75973 449
3.76807 450
3.77643 451
3.78481 452
3.79318 453
3.80157 454
3.80999 455
3.81832 456
3.82668 457
3.83506 458
3.84343 459
3.85182 460
3.86018 461
3.86857 462
3.87694 463
3.88532 464
3.89368 465
3.90207 466
3.91043 467
3.91881 468
3.92717 469
3.93557 470
3.94393 471
3.9523 472
3.96067 473
3.96912 474
3.9775 475
3.98585 477
3.99422 476
4.00261 478
4.01099 479
4.01937 480
4.02772 481
4.03616 482
4.04452 483
4.05288 484
4.06127 485
4.06964 486
4.07801 487
4.08643 488
4.09478 489
4.10316 490
4.11153 491
4.11993 492
4.13314 493
4.13662 494
4.14496 495
4.15338 496
4.1617 497
4.17008 498
4.17845 499
4.18685 500
4.19524 501
4.20363 502
4.21202 503
4.22042 504
4.22877 505
4.23714 506
4.24551 507
4.25389 508
4.26223 509
4.27064 510
4.27901 511
4.28742 512
4.29576 513
4.30417 514
4.31252 515
4.3209 516
4.32926 517
4.33763 518
4.34602 519
4.3544 521
4.36274 520
4.37114 522
4.37951 523
4.38785 524
4.39626 525
4.40462 526
4.41302 527
4.42135 528
4.42969 529
4.43809 530
4.44647 531
4.45485 532
4.46324 533
4.47164 534
4.48003 535
4.48842 536
4.49677 537
4.50517 538
4.51352 539
4.5219 540
4.53028 541
4.53866 542
4.54704 543
4.55541 544
4.56377 545
4.57215 546
4.58052 547
4.5889 548
4.5973 549
4.60566 550
4.61403 551
4.6224 552
4.63075 553
4.63916 554
4.64753 555
4.65591 556
4.66428 557
4.67266 558
4.68096 559
4.6894 560
4.69777 561
4.70614 562
4.71454 563
4.72291 564
4.73127 565
4.73965 566
4.74803 567
4.75642 568
4.76478 569
4.77316 570
4.78152 571
4.7899 572
4.7983 573
4.80667 574
4.81501 575
4.82342 576
4.83179 577
4.84016 578
4.84854 579
4.85687 580
4.8653 581
4.8736 582
4.88201 583
4.89038 584
4.89872 585
4.90713 586
4.91554 587
4.92391 588
4.93225 589
4.94066 590
4.94902 591
4.95741 592
4.96579 593
4.97415 594
4.98253 595
4.99091 596
4.99929 597
5.00767 598
5.01602 599
5.02441 600
5.03279 601
5.04112 602
5.04953 603
5.05791 604
5.06629 605
5.07466 606
5.08303 607
5.09143 608
5.09978 609
5.10817 610
5.11653 611
5.12492 612
5.13331 613
5.14165 614
5.15004 615
5.15844 616
5.16679 617
5.17514 618
5.18353 619
5.19189 620
5.20029 621
5.20866 622
5.21704 623
5.22542 624
5.23377 625
5.24215 626
5.25054 627
5.25894 628
5.26729 629
5.27567 630
5.28405 631
5.29241 632
5.30082 633
5.30912 634
5.3175 635
5.32585 636
5.33424 637
5.34262 638
5.3555 639
5.35936 640
5.36773 641
5.37612 642
5.38449 643
5.39286 644
5.40128 645
5.40965 646
5.41802 647
5.42635 648
5.43472 649
5.44308 650
5.45152 651
5.45992 652
5.4683 653
5.47669 654
5.48509 655
5.4934 656
5.50173 657
5.51016 658
5.51849 659
5.52688 660
5.53525 661
5.54369 662
5.55205 663
5.56189 664
5.56879 665
5.57713 666
5.58551 667
5.5939 668
5.60225 669
5.61071 670
5.61906 671
5.62744 672
5.63581 673
5.64419 674
5.65258 675
5.66095 676
5.66932 677
5.67768 678
5.68607 679
5.69447 680
5.70282 681
5.71119 682
5.71957 683
5.72793 684
5.73632 685
5.7447 686
5.75335 687
5.7614 688
5.76979 689
5.77816 690
5.78654 691
5.79492 692
5.80328 693
5.81166 694
5.82004 695
5.82841 696
5.83679 697
5.84516 698
5.85349 699
5.86187 700
5.87024 701
5.8787 702
5.88703 703
5.89541 704
5.90384 705
5.91221 706
5.92055 707
5.92892 708
5.93732 709
5.94569 710
5.95408 711
5.96247 712
5.9708 713
5.9792 714
5.98757 715
5.99597 716
6.00432 717
6.0127 718
6.02104 719
6.02945 720
6.0378 721
6.0462 722
6.05453 723
6.06297 724
6.07132 725
6.0797 726
6.08807 727
6.09649 728
6.10483 729
6.11319 730
6.12158 731
6.12994 732
6.1383 733
6.14665 734
6.15504 735
6.1634 736
6.17176 737
6.18017 738
6.18853 739
6.1969 740
6.20529 741
6.21375 742
6.22202 743
6.23041 744
6.23878 745
6.24716 746
6.25558 747
6.2639 748
6.27231 749
6.28067 750
6.28902 751
6.29743 752
6.30578 753
6.31416 754
6.32253 755
6.33098 756
6.33935 757
6.34771 758
6.35604 759
6.36444 760
6.37284 761
6.38122 762
6.38956 763
6.39798 764
6.40634 765
6.4147 766
6.42303 767
6.43144 768
6.43984 769
6.44821 770
6.45654 771
6.46493 772
6.47332 773
6.48171 774
6.49004 775
6.49845 776
6.50682 777
6.51517 778
6.52353 779
6.53192 780
6.54028 781
6.54868 782
6.557 783
6.5654 784
6.57378 785
6.58218 786
6.59051 787
6.59892 788
6.60729 789
6.61564 790
6.624 791
6.63242 792
6.64078 793
6.64916 794
6.65752 795
6.66587 796
6.67424 797
6.68261 798
6.691 799
6.69936 800
6.70774 801
6.71615 802
6.72449 803
6.73288 804
6.74124 805
6.74965 806
6.75805 807
6.76641 808
6.7748 809
6.78319 810
6.79152 811
6.79992 812
6.80828 813
6.81668 814
6.82499 815
6.83342 816
6.84179 817
6.85018 818
6.85852 819
6.86691 820
6.8753 821
6.88369 822
6.89203 823
6.90042 824
6.90878 825
6.91717 826
6.92555 827
6.93393 828
6.94232 829
6.95068 830
6.95903 831
6.96741 832
6.97575 833
6.98412 834
6.9925 835
7.00087 836
7.00929 837
7.01768 838
7.02602 839
7.03444 840
7.04277 841
7.05114 842
7.05951 843
7.06792 844
7.07628 845
7.08467 846
7.09303 847
7.10141 848
7.1098 849
7.1182 850
7.12649 851
7.1349 852
7.14329 853
7.15165 854
7.16001 855
7.1684 856
7.17677 857
7.18516 858
7.19353 859
7.2019 860
7.21037 861
7.21871 862
7.22705 863
7.23543 864
7.24383 865
7.25219 866
7.26054 867
7.26892 868
7.2773 869
7.28569 870
7.29411 871
7.30247 872
7.31084 873
7.31925 874
7.3276 875
7.33595 876
7.34434 877
7.35272 878
7.3611 879
7.36948 880
7.37785 881
7.38621 882
7.39452 883
7.40299 884
7.41133 885
7.41974 886
7.42808 887
7.43646 888
7.44482 889
7.45321 890
7.46162 891
7.46995 892
7.47829 893
7.48669 894
7.49504 895
7.50345 896
7.51177 897
7.52018 898
7.52852 899
7.53694 900
7.54532 901
7.55371 902
7.56208 903
7.57047 904
7.57879 905
7.5872 906
7.59552 907
7.60395 908
7.61227 909
7.62067 910
7.62903 911
7.6374 912
7.64581 913
7.65417 914
7.66251 915
7.67088 916
7.67928 917
7.68768 918
7.696 919
7.70438 920
7.71279 921
7.72121 922
7.72956 923
7.73795 924
7.74629 925
7.75472 926
7.76307 927
7.77145 928
7.77978 929
7.78816 930
7.79652 931
7.8049 932
7.8133 933
7.82168 934
7.83007 935
7.83845 936
7.84679 937
7.85518 938
7.86363 939
7.872 940
7.88035 941
7.88874 942
7.89712 943
7.90547 944
7.91383 945
7.92226 946
7.93054 947
7.93895 948
7.9478 949
7.95569 950
7.96404 951
7.97243 952
7.98082 953
7.98917 954
7.99757 955
8.00594 956
8.01432 957
8.02268 958
8.03111 959
8.03944 960
8.04783 961
8.05619 962
8.06461 963
8.07294 964
8.08131 965
8.08971 966
8.09813 967
8.10651 968
8.11481 969
8.1232 970
8.13161 971
8.13998 972
8.1483 973
8.15666 974
8.16503 975
8.1734 976
8.18178 977
8.19015 978
8.19852 979
8.20697 980
8.21528 981
8.22373 982
8.23204 983
8.24041 984
8.24878 985
8.25719 986
8.26556 987
8.27393 988
8.28233 989
8.29073 990
8.29903 991
8.3074 992
8.31578 993
8.32417 994
8.33255 995
8.34097 996
8.34937 997
8.35774 998
8.36616 999
