0.003915 15
0.00420992 16
0.021146 17
0.054614 18
0.062801 10
0.0790469 11
0.087825 19
0.0917601 5
0.096662 12
0.100509 6
0.108952 7
0.11729 13
0.142582 8
0.146297 25
0.146881 14
0.155272 0
0.163606 26
0.172032 1
0.180407 9
0.188729 2
0.197109 27
0.205481 3
0.213883 20
0.222252 28
0.230624 21
0.238998 30
0.247361 4
0.255735 31
0.26406 29
0.272481 22
0.280859 32
0.289226 23
0.297727 35
0.305969 37
0.314319 33
0.322695 24
0.331111 38
0.339431 36
0.347801 34
0.356174 39
0.364543 42
0.372931 44
0.381358 40
0.38969 47
0.398032 43
0.406471 45
0.41487 41
0.423184 49
0.431534 46
0.439944 48
0.448304 50
0.456683 51
0.46506 55
0.473433 53
0.481844 52
0.490247 54
0.498709 57
0.506996 56
0.515361 58
0.523726 59
0.532112 60
0.540478 62
0.548873 61
0.557182 65
0.565575 63
0.573935 64
0.582343 66
0.590716 67
0.599051 68
0.607504 69
0.615865 70
0.624271 71
0.632613 73
0.641034 72
0.649385 74
0.657779 75
0.666113 76
0.674522 77
0.682937 78
0.691276 79
0.699598 80
0.708017 81
0.7164 82
0.724768 83
0.733094 84
0.741525 85
0.749912 86
0.758266 87
0.766624 88
0.775026 89
0.783392 90
0.79178 91
0.800123 92
0.808522 93
0.816863 94
0.825273 95
0.833654 96
0.841946 97
0.850343 98
0.858686 99
0.867013 100
0.875451 101
0.883884 102
0.892276 103
0.900716 104
0.909022 105
0.917418 106
0.925775 107
0.934093 108
0.942534 109
0.950846 110
0.95929 111
0.967582 112
0.975998 113
0.984319 114
0.992773 115
1.00111 116
1.00947 117
1.01782 118
1.02618 119
1.03462 120
1.04298 121
1.05137 122
1.05972 123
1.06806 124
1.07648 125
1.08488 126
1.09327 127
1.10155 128
1.10994 129
1.11835 130
1.12676 131
1.13501 132
1.14342 133
1.1518 134
1.16019 135
1.16853 136
1.17695 137
1.18532 138
1.19369 139
1.20215 140
1.21045 141
1.2188 142
1.22718 143
1.23551 144
1.24395 145
1.2523 146
1.26069 147
1.26901 148
1.27745 149
1.28584 150
1.29418 151
1.3026 152
1.31093 153
1.31938 154
1.32768 155
1.33615 156
1.34444 157
1.35281 158
1.36118 159
1.36958 160
1.37804 161
1.38639 162
1.39473 163
1.4032 164
1.41147 165
1.4199 166
1.42823 167
1.43674 168
1.44501 169
1.45343 170
1.46176 171
1.47012 172
1.47854 173
1.48688 174
1.49523 175
1.50365 176
1.51196 177
1.52041 178
1.52874 179
1.53708 180
1.54549 181
1.55391 182
1.56221 183
1.57052 184
1.57913 185
1.58738 186
1.59571 187
1.60406 188
1.61249 189
1.62081 190
1.62922 191
1.63768 192
1.64597 193
1.65434 194
1.66271 195
1.67104 196
1.67949 197
1.68784 198
1.69621 199
1.70455 200
1.71297 201
1.72134 202
1.72974 203
1.73816 204
1.74647 205
1.75487 206
1.76323 207
1.77158 208
1.77997 209
1.78832 210
1.79672 211
1.80507 212
1.81348 213
1.8219 214
1.83023 215
1.83858 216
1.84698 217
1.85534 218
1.86372 219
1.87204 220
1.8805 221
1.88885 222
1.8973 223
1.90568 224
1.91398 225
1.92235 226
1.93071 227
1.93909 228
1.94758 229
1.95587 230
1.96424 231
1.97268 232
1.98099 233
1.9893 234
1.99771 235
2.00619 236
2.01453 237
2.02289 238
2.03126 239
2.03965 240
2.04804 241
2.0564 242
2.06475 243
2.07313 244
2.08148 245
2.08993 246
2.09822 247
2.10659 248
2.11496 249
2.12335 250
2.13171 251
2.14013 252
2.14849 253
2.15692 254
2.16521 255
2.17359 256
2.18199 257
2.19034 258
2.19871 259
2.2071 260
2.21549 261
2.22385 262
2.23223 263
2.24053 264
2.24897 265
2.25739 266
2.26575 267
2.27409 268
2.28245 269
2.29079 270
2.29919 271
2.30787 272
2.316 273
2.3244 274
2.3327 275
2.34116 276
2.34945 277
2.35782 278
2.3662 279
2.37464 280
2.38454 281
2.39134 282
2.39974 283
2.40811 284
2.41645 285
2.42483 286
2.43326 287
2.44166 288
2.45 289
2.45834 290
2.46674 291
2.47516 292
2.48348 293
2.49196 294
2.50023 295
2.50867 296
2.51695 297
2.52534 298
2.53373 299
2.54214 300
2.55051 301
2.55891 302
2.56727 303
2.57567 304
2.58403 305
2.59239 306
2.60078 307
2.60904 308
2.61746 309
2.62586 310
2.63425 311
2.6426 312
2.65099 313
2.65936 314
2.66775 315
2.67621 316
2.68455 317
2.6929 318
2.70127 319
2.70955 320
2.71796 321
2.72641 322
2.73479 323
2.74306 324
2.75148 325
2.75991 326
2.76827 327
2.77657 328
2.78497 329
2.79335 330
2.80177 331
2.81008 332
2.81851 333
2.82685 334
2.83521 335
2.84365 336
2.85201 337
2.86035 338
2.86874 339
2.87719 340
2.88551 341
2.8939 342
2.90229 343
2.9107 344
2.91901 345
2.92744 346
2.93578 347
2.9441 348
2.95254 349
2.96092 350
2.96928 351
2.97764 352
2.98603 353
2.99436 354
3.00279 355
3.01114 356
3.01954 357
3.02789 358
3.03627 359
3.04469 360
3.05299 361
3.06136 362
3.06969 363
3.07811 364
3.08648 365
3.0948 366
3.1032 367
3.11158 368
3.12002 369
3.12839 370
3.13675 371
3.14511 372
3.1535 373
3.16188 374
3.17027 375
3.17861 376
3.18703 377
3.19538 378
3.20376 379
3.21211 380
3.2205 381
3.22888 382
3.23726 383
3.24562 384
3.25402 385
3.26245 386
3.27078 387
3.27911 388
3.28754 389
3.29581 390
3.3043 391
3.31255 392
3.32095 393
3.32933 394
3.3377 395
3.34616 396
3.35452 397
3.36289 398
3.37125 399
3.37959 400
3.38802 401
3.39641 402
3.40477 403
3.41308 404
3.42152 405
3.42991 406
3.4383 407
3.4466 408
3.45499 409
3.46338 410
3.47176 411
3.4801 412
3.4885 413
3.49679 414
3.50521 415
3.51352 416
3.52195 417
3.53031 418
3.5387 419
3.54716 420
3.55548 421
3.56391 422
3.57222 423
3.58058 424
3.58898 425
3.5974 426
3.60575 427
3.61794 428
3.62254 429
3.63093 430
3.6392 431
3.64759 432
3.65596 433
3.66439 434
3.67274 435
3.68112 436
3.68948 437
3.69786 438
3.70624 439
3.71453 440
3.72298 441
3.73139 442
3.73972 443
3.74807 444
3.75649 445
3.76491 446
3.77323 447
3.7816 448
3.78997 449
3.79831 450
3.80673 451
3.81511 452
3.82347 453
3.83185 454
3.84024 455
3.84858 456
3.85694 457
3.86537 458
3.87377 459
3.88205 460
3.89049 461
3.89885 462
3.90721 463
3.91559 464
3.924 465
3.93234 466
3.94072 467
3.94905 468
3.95751 469
3.96584 470
3.97425 471
3.9826 472
3.99096 473
3.99939 474
4.00775 475
4.01609 476
4.02448 477
4.03289 478
4.04123 479
4.04955 480
4.05805 481
4.06632 482
4.07468 483
4.0831 484
4.09143 485
4.09981 486
4.10818 487
4.11666 488
4.12496 489
4.13338 490
4.14173 491
4.15013 492
4.15849 493
4.1669 494
4.17523 495
4.1836 496
4.19196 497
4.20036 498
4.20875 499
4.21722 500
4.22549 501
4.23389 502
4.24226 503
4.25057 504
4.25899 505
4.26738 506
4.27576 507
4.28419 508
4.29249 509
4.30085 510
4.30926 511
4.31768 512
4.32599 513
4.33441 514
4.34275 515
4.35119 516
4.3595 517
4.36789 518
4.37625 519
4.38468 520
4.393 521
4.40138 522
4.40975 523
4.41817 524
4.4265 525
4.43489 526
4.44325 527
4.4517 528
4.45998 529
4.46834 530
4.47677 531
4.4852 532
4.49349 533
4.50187 534
4.51026 535
4.51857 536
4.52695 537
4.5353 538
4.54376 539
4.55214 540
4.5605 541
4.56886 542
4.57724 543
4.58569 544
4.59394 545
4.60238 546
4.61073 547
4.61917 548
4.6275 549
4.63595 550
4.64423 551
4.65267 552
4.66101 553
4.66943 554
4.67775 555
4.68609 556
4.69449 557
4.70288 558
4.71123 559
4.71959 560
4.728 561
4.73636 562
4.74475 563
4.75313 564
4.76148 565
4.76989 566
4.77824 567
4.78661 568
4.79499 569
4.80332 570
4.81173 571
4.82015 572
4.82845 573
4.83691 574
4.8452 575
4.85367 576
4.86204 577
4.8704 578
4.87875 579
4.88709 580
4.89546 581
4.90382 582
4.91224 583
4.92067 584
4.92898 585
4.93741 586
4.94578 587
4.95414 588
4.96259 589
4.97092 590
4.97927 591
4.98774 592
4.996 593
5.00442 594
5.01311 595
5.0215 596
5.02986 597
5.03822 598
5.0466 599
5.05499 600
5.06335 601
5.07172 602
5.08015 603
5.08853 604
5.09692 605
5.10529 606
5.11364 607
5.12204 608
5.13037 609
5.13892 610
5.1471 611
5.15547 612
5.16384 613
5.17222 614
5.18061 616
5.18901 615
5.1974 617
5.20577 618
5.21411 619
5.22258 620
5.23087 621
5.23929 622
5.24759 623
5.256 624
5.26439 625
5.27277 626
5.28114 627
5.28952 628
5.29791 629
5.30627 630
5.31459 631
5.32298 632
5.33135 633
5.33972 634
5.34811 635
5.35644 636
5.36485 637
5.37321 638
5.38158 639
5.38994 640
5.3983 641
5.40668 642
5.4151 643
5.42348 644
5.43185 645
5.44023 646
5.4486 647
5.45696 648
5.46535 649
5.47375 650
5.48211 651
5.49049 652
5.49886 653
5.50722 654
5.51561 656
5.52398 655
5.53236 657
5.54074 658
5.5491 659
5.55747 660
5.56586 661
5.57423 662
5.5826 663
5.59097 664
5.59931 665
5.60769 666
5.61605 667
5.62443 668
5.63282 669
5.64123 670
5.64962 671
5.65797 672
5.66631 673
5.67472 674
5.6831 675
5.69148 676
5.69983 677
5.70819 678
5.71657 679
5.72495 680
5.73335 681
5.74174 682
5.7501 683
5.75845 684
5.76686 685
5.77524 686
5.7836 687
5.79198 688
5.80036 689
5.80872 690
5.8171 691
5.82548 692
5.83387 693
5.84223 694
5.8506 695
5.85896 696
5.86734 697
5.87572 698
5.88407 699
5.8925 700
5.90087 701
5.90927 702
5.91759 703
5.92602 704
5.93435 705
5.94276 706
5.95116 707
5.95954 708
5.96792 709
5.97628 710
5.98465 711
5.99305 712
6.00138 713
6.0098 714
6.0181 715
6.02653 716
6.0349 717
6.04357 718
6.0516 719
6.05999 720
6.06835 721
6.07671 722
6.0851 723
6.09348 724
6.10186 725
6.11029 726
6.11862 727
6.127 728
6.13538 729
6.14376 730
6.15212 731
6.16048 732
6.16887 733
6.17724 734
6.18566 735
6.19401 736
6.2024 737
6.21077 738
6.21912 739
6.22752 740
6.23587 741
6.24428 742
6.25264 743
6.26102 744
6.26938 745
6.27778 746
6.28615 747
6.29455 748
6.30289 749
6.31127 750
6.31963 751
6.32803 752
6.33644 753
6.34472 754
6.35314 755
6.36151 756
6.36987 757
6.37824 758
6.38663 759
6.39499 760
6.40337 761
6.41179 762
6.42011 763
6.4285 764
6.43684 765
6.4452 766
6.4536 767
6.46194 768
6.47031 769
6.47869 770
6.48708 771
6.49544 772
6.50383 773
6.51221 774
6.52057 775
6.52902 776
6.53736 777
6.54577 778
6.55413 779
6.56251 780
6.57085 781
6.57922 782
6.58765 783
6.59606 784
6.6044 785
6.61281 786
6.62116 787
6.62955 788
6.63792 789
6.64632 790
6.65461 791
6.66306 792
6.67138 793
6.67979 794
6.68814 795
6.69654 796
6.70487 797
6.71327 798
6.72163 799
6.73004 800
6.73837 801
6.74678 802
6.75512 803
6.76352 804
6.77188 805
6.78028 806
6.78865 807
6.79704 808
6.80543 809
6.81376 810
6.82211 811
6.83051 812
6.83885 813
6.84725 814
6.8556 815
6.864 816
6.87237 817
6.88076 818
6.88911 819
6.8975 820
6.90587 821
6.91425 822
6.92261 823
6.93102 824
6.93934 825
6.94771 826
6.95609 827
6.96445 828
6.97283 829
6.98123 830
6.98959 831
6.99799 832
7.00635 833
7.01472 834
7.02307 835
7.03145 836
7.03984 837
7.04821 838
7.05657 839
7.06496 840
7.07332 841
7.08173 842
7.09007 843
7.09848 844
7.10685 845
7.11525 846
7.12359 847
7.13198 848
7.14036 849
7.14874 850
7.1571 851
7.16546 852
7.17384 853
7.18226 854
7.19059 855
7.19895 856
7.20733 857
7.21573 858
7.22407 859
7.23248 860
7.24092 861
7.24925 862
7.25761 863
7.26597 864
7.27436 865
7.28275 866
7.29112 867
7.29948 868
7.30822 869
7.31622 870
7.32464 871
7.33299 872
7.34139 873
7.34973 874
7.35812 875
7.36651 876
7.37485 877
7.38322 878
7.3916 879
7.39998 880
7.40836 881
7.41673 882
7.4251 883
7.43348 884
7.44183 885
7.45021 886
7.45858 887
7.46702 888
7.47538 889
7.48371 890
7.49213 891
7.5005 892
7.50889 893
7.51725 894
7.52559 895
7.53397 896
7.54232 897
7.55075 898
7.5591 899
7.56747 900
7.57585 901
7.58424 902
7.5926 903
7.60098 904
7.60938 905
7.61776 906
7.62613 907
7.6345 908
7.64288 909
7.65127 910
7.65962 911
7.66801 912
7.67642 913
7.6848 914
7.69314 915
7.70154 916
7.70992 917
7.71826 918
7.72665 919
7.73503 920
7.74341 921
7.7518 922
7.76014 923
7.76854 924
7.7769 925
7.78531 926
7.79365 927
7.80206 928
7.81042 929
7.81879 930
7.82717 931
7.83553 932
7.84392 933
7.8522 934
7.86059 935
7.86898 936
7.87732 937
7.88571 938
7.89407 939
7.90246 940
7.91085 941
7.91926 942
7.92763 943
7.93598 944
7.94436 945
7.95277 946
7.96113 947
7.9695 948
7.97788 949
7.98625 950
7.9946 951
8.003 952
8.01136 953
8.01975 954
8.0281 955
8.03651 956
8.04487 957
8.05324 958
8.06163 959
8.06998 960
8.07839 961
8.08675 962
8.09511 963
8.10345 964
8.11183 965
8.1202 966
8.12857 967
8.13696 968
8.14534 969
8.15374 970
8.16207 971
8.17052 972
8.17884 973
8.18724 974
8.19559 975
8.20398 976
8.21233 977
8.22074 978
8.22909 979
8.23747 980
8.24585 981
8.25423 982
8.26258 983
8.27098 984
8.27934 985
8.28776 986
8.29609 987
8.30447 988
8.31286 989
8.32122 990
8.3296 991
8.338 992
8.34637 993
8.35471 994
8.36307 995
8.37145 996
8.37982 997
8.38823 998
8.39662 999
8.40501 1000
8.41332 1001
8.42176 1002
8.43011 1003
8.4385 1004
8.44682 1005
8.45526 1006
8.46363 1007
8.47195 1008
8.48034 1009
8.48876 1010
8.49707 1011
8.50546 1012
8.51384 1013
8.52223 1014
8.53059 1015
8.53896 1016
8.54733 1017
8.55569 1018
8.56408 1019
8.57245 1020
8.58083 1021
8.58925 1022
8.59764 1023
8.606 1024
8.61437 1025
8.62277 1026
8.63111 1027
8.63951 1028
8.64788 1029
8.65731 1031
8.66459 1030
8.67298 1032
8.6814 1033
8.6898 1034
8.69811 1035
8.70656 1036
8.7149 1037
8.72329 1038
8.73163 1039
8.74001 1040
8.74838 1041
8.75678 1042
8.76514 1043
8.7735 1044
8.78188 1045
8.79025 1046
8.79862 1047
8.807 1048
8.81539 1049
8.82375 1050
8.83212 1051
8.84052 1052
8.84889 1053
8.85727 1054
8.86562 1055
8.87401 1056
8.88237 1057
8.89081 1058
8.89918 1059
8.90756 1060
8.91593 1061
8.9243 1062
8.93266 1063
8.94102 1064
8.94937 1065
8.95774 1066
8.9661 1067
8.9745 1068
8.98285 1069
8.99123 1071
8.99965 1070
9.008 1072
9.01639 1073
9.02478 1074
9.03317 1075
9.04152 1076
9.04991 1077
9.05825 1078
9.0666 1079
9.07501 1080
9.08337 1081
9.09176 1082
9.10014 1083
9.10847 1084
9.11684 1085
9.12521 1086
9.13364 1087
9.14202 1088
9.15039 1089
9.15877 1090
9.16717 1091
9.17557 1092
9.18395 1093
9.19225 1094
9.20069 1095
9.20905 1096
9.21743 1097
9.22577 1098
9.23415 1099
9.24256 1100
9.25089 1101
9.25928 1102
9.26763 1103
9.276 1104
9.28436 1105
9.29278 1106
9.30111 1107
9.30953 1108
9.31787 1109
9.32625 1110
9.33459 1111
9.343 1112
9.35137 1113
9.35975 1114
9.36813 1115
9.37649 1116
9.38485 1117
9.39323 1118
9.40163 1119
9.41002 1120
9.41836 1121
9.42676 1122
9.43506 1123
9.44344 1124
9.45184 1125
9.46023 1126
9.46857 1127
9.47695 1128
9.48534 1129
9.49371 1130
9.50207 1131
9.51046 1132
9.51883 1133
9.52722 1134
9.53559 1135
9.54398 1136
9.55232 1137
9.56069 1138
9.56907 1139
9.57745 1140
9.58582 1141
9.5942 1142
9.60258 1143
9.61097 1144
9.61936 1145
9.62774 1146
9.63608 1147
9.64447 1148
9.65287 1149
9.66121 1150
9.66959 1151
9.67794 1152
9.68636 1153
9.69472 1154
9.70309 1155
9.71144 1156
9.71983 1157
9.72821 1158
9.73657 1159
9.74493 1160
9.75334 1161
9.76171 1162
9.77008 1163
9.77848 1164
9.78686 1165
9.79526 1166
9.80361 1167
9.81201 1168
9.82037 1169
9.82874 1170
9.83711 1171
9.84547 1172
9.85387 1173
9.86239 1174
9.87058 1175
9.87897 1176
9.88732 1177
9.8957 1178
9.90407 1179
9.91246 1180
9.92083 1181
9.92923 1182
9.93759 1183
9.94595 1184
9.95433 1185
9.96273 1186
9.97107 1187
9.97946 1188
9.98787 1189
9.99623 1190
10.0046 1191
10.013 1192
10.0217 1193
10.0301 1194
10.0385 1195
10.0469 1196
10.0553 1197
10.0669 1198
10.072 1199
10.0804 1200
10.091 1201
10.0971 1202
10.1055 1203
10.1139 1204
10.1222 1205
10.1306 1206
10.139 1207
10.1474 1208
10.1557 1209
10.1641 1210
10.1725 1211
10.1809 1212
10.1893 1213
10.1977 1214
10.206 1215
10.2144 1216
10.2227 1217
10.2311 1218
10.2395 1219
10.2479 1220
10.2562 1221
10.2647 1222
10.273 1223
10.2814 1224
10.2898 1225
10.2982 1226
10.3065 1227
10.3148 1228
10.3232 1229
10.3316 1230
10.34 1231
10.3483 1232
10.3567 1233
10.3651 1234
10.3735 1235
10.3819 1236
10.3902 1237
10.3987 1238
10.407 1239
10.4154 1240
10.4238 1241
10.4322 1242
10.4405 1243
10.4489 1244
10.4573 1245
10.4656 1246
10.474 1247
10.4825 1248
10.4908 1249
10.4991 1250
10.5075 1251
10.5159 1252
10.5243 1253
10.5326 1254
10.541 1255
10.5494 1256
10.5578 1257
10.5661 1258
10.5745 1259
10.5829 1260
10.5913 1261
10.5996 1262
10.608 1263
10.6164 1264
10.6248 1265
10.6331 1266
10.6415 1267
10.6499 1268
10.6582 1269
10.6666 1270
10.675 1271
10.6833 1272
10.6917 1273
10.7001 1274
10.7085 1275
10.7168 1276
10.7252 1277
10.7336 1278
10.742 1279
10.7503 1280
10.7587 1281
10.7671 1282
10.7755 1283
10.7838 1284
10.7922 1285
10.8006 1286
10.809 1287
10.8173 1288
10.8257 1289
10.8341 1290
10.8425 1291
10.8508 1292
10.8592 1293
10.8676 1294
10.876 1295
10.8843 1296
10.8927 1297
10.9011 1298
10.9095 1299
10.9178 1300
10.9262 1301
10.9346 1302
10.943 1303
10.9513 1304
10.9597 1305
10.9681 1306
10.9765 1307
10.9849 1308
10.9932 1309
11.0016 1310
11.01 1311
11.0183 1312
11.0268 1313
11.0351 1314
11.0435 1315
11.0518 1316
11.0602 1317
11.0686 1318
11.077 1319
11.0854 1320
11.0937 1321
11.1021 1322
11.1105 1323
11.1189 1324
11.1273 1325
11.1356 1326
11.144 1327
11.1524 1328
11.1607 1329
11.1692 1330
11.1775 1331
11.1859 1332
11.1943 1333
11.2026 1334
11.211 1335
11.2194 1336
11.2277 1337
11.2361 1338
11.2445 1339
11.2529 1340
11.2612 1341
11.2696 1342
11.278 1343
11.2864 1344
11.2948 1345
11.3031 1346
11.3115 1347
11.3198 1348
11.3283 1349
11.3366 1350
11.345 1351
11.3533 1352
11.3618 1353
11.3701 1354
11.3784 1355
11.3868 1356
11.3952 1357
11.4036 1358
11.412 1359
11.4204 1360
11.4288 1361
11.4372 1362
11.4455 1363
11.4539 1364
11.4623 1365
11.4706 1366
11.479 1367
11.4874 1368
11.4957 1369
11.5041 1370
11.5125 1371
11.5209 1372
11.5292 1373
11.5376 1374
11.5468 1375
11.5544 1376
11.5628 1377
11.5711 1378
11.5795 1379
11.5879 1380
11.5964 1381
11.6046 1382
11.613 1383
11.6214 1384
11.6297 1385
11.6382 1386
11.6465 1387
11.6549 1388
11.6632 1389
11.6717 1390
11.68 1391
11.6884 1392
11.6967 1393
11.7051 1394
11.7135 1395
11.7219 1396
11.7302 1397
11.7386 1398
11.747 1399
11.7553 1400
11.7637 1401
11.7722 1402
11.7805 1403
11.7889 1404
11.7973 1405
11.8057 1406
11.814 1407
11.8224 1408
11.8307 1409
11.8391 1410
11.8475 1411
11.8559 1412
11.8643 1413
11.8726 1414
11.881 1415
11.8894 1416
11.8978 1417
11.9061 1418
11.9145 1419
11.9229 1420
11.9313 1421
11.9396 1422
11.948 1423
11.9564 1424
11.9648 1425
11.9731 1426
11.9815 1427
11.9898 1428
11.9983 1429
12.0066 1430
12.015 1431
12.0234 1432
12.0318 1433
12.0402 1434
12.0486 1435
12.0569 1436
12.0653 1437
12.0737 1438
12.082 1439
12.0904 1440
12.0987 1441
12.1071 1442
12.1155 1443
12.1239 1444
12.1323 1445
12.1406 1446
12.149 1447
12.1574 1448
12.1658 1449
12.1741 1450
12.1826 1451
12.1909 1452
12.1992 1453
12.2076 1454
12.216 1455
12.2243 1456
12.2327 1457
12.2411 1458
12.2495 1459
12.2578 1460
12.2662 1461
12.2746 1462
12.283 1463
12.2913 1464
12.2997 1465
12.3084 1466
12.3165 1467
12.3249 1468
12.3332 1469
12.3416 1470
12.35 1471
12.3584 1472
12.3668 1473
12.3751 1474
12.3835 1475
12.3918 1476
12.4002 1477
12.4086 1478
12.417 1479
12.4253 1480
12.4337 1481
12.4421 1482
12.4505 1483
12.4588 1484
12.4672 1485
12.4756 1486
12.484 1487
12.4923 1488
12.5007 1489
12.5091 1490
12.5175 1491
12.5258 1492
12.5342 1493
12.5426 1494
12.551 1495
12.5593 1496
12.5677 1497
12.5761 1498
12.5845 1499
12.5928 1500
12.6012 1501
12.6096 1502
12.6179 1503
12.6263 1504
12.6347 1505
12.6431 1506
12.6515 1507
12.6598 1508
12.6682 1509
12.6766 1510
12.685 1511
12.6933 1512
12.7017 1513
12.7101 1514
12.7184 1515
12.7268 1516
12.7352 1517
12.7436 1518
12.752 1519
12.7604 1520
12.7687 1521
12.7771 1522
12.7855 1523
12.7939 1524
12.8022 1525
12.8106 1526
12.8189 1527
12.8273 1528
12.8357 1529
12.8441 1530
12.8525 1531
12.8608 1532
12.8692 1533
12.8776 1534
12.886 1535
12.8944 1536
12.9027 1537
12.9111 1538
12.9194 1539
12.9278 1540
12.9362 1541
12.9446 1542
12.953 1543
12.9613 1544
12.9697 1545
12.9781 1546
12.9865 1547
12.9949 1548
13.0032 1549
13.0116 1550
13.02 1551
13.0284 1552
13.0367 1553
13.0451 1554
13.0535 1555
13.0618 1556
13.0702 1557
13.0786 1558
13.087 1559
13.0953 1560
13.1037 1561
13.1121 1562
13.1205 1563
13.1288 1564
13.1372 1565
13.1456 1566
13.1542 1567
13.1623 1568
13.1707 1569
13.1791 1570
13.1875 1571
13.1958 1572
13.2042 1573
13.2126 1574
13.221 1575
13.2293 1576
13.2377 1577
13.2461 1578
13.2545 1579
13.2628 1580
13.2712 1581
13.2796 1582
13.288 1583
13.2963 1584
13.3047 1585
13.3131 1586
13.3215 1587
13.3298 1588
13.3382 1589
13.3466 1590
13.355 1591
13.3633 1592
13.3717 1593
13.3801 1594
13.3885 1595
13.3968 1596
13.4052 1597
13.4136 1598
13.4219 1599
13.4303 1600
13.4387 1601
13.4471 1602
13.4554 1603
13.4638 1604
13.4722 1605
13.4806 1606
13.489 1607
13.4973 1608
13.5057 1609
13.5141 1610
13.5224 1611
13.5308 1612
13.5392 1613
13.5476 1614
13.556 1615
13.5643 1616
13.5727 1617
13.5812 1618
13.5895 1619
13.5979 1620
13.6063 1621
13.6146 1622
13.623 1623
13.6314 1624
13.6397 1625
13.6481 1626
13.6565 1627
13.6649 1628
13.6732 1629
13.6816 1630
13.69 1631
13.6984 1632
13.7067 1633
13.7151 1634
13.7235 1635
13.7319 1636
13.7402 1637
13.7487 1638
13.757 1639
13.7654 1640
13.7738 1641
13.7822 1642
13.7906 1643
13.7989 1644
13.8073 1645
13.8156 1646
13.824 1647
13.8324 1648
13.8408 1649
13.8491 1650
13.8575 1651
13.8659 1652
13.8743 1653
13.8827 1654
13.891 1655
13.8994 1656
13.9078 1657
13.9162 1658
13.9245 1659
13.9329 1660
13.9413 1661
13.9496 1662
13.958 1663
13.9664 1664
13.9748 1665
13.9831 1666
13.9915 1667
13.9999 1668
14.0082 1669
14.0166 1670
14.025 1671
14.0334 1672
14.0418 1673
14.0501 1674
14.0585 1675
14.0669 1676
14.0752 1677
14.0836 1678
14.092 1679
14.1004 1680
14.1088 1681
14.1172 1682
14.1255 1683
14.1339 1684
14.1423 1685
14.1506 1686
14.159 1687
14.1674 1688
14.1757 1689
14.1841 1690
14.1924 1691
14.2008 1692
14.2092 1693
14.2176 1694
14.226 1695
14.2343 1696
14.2427 1697
14.2511 1698
14.2595 1699
14.2678 1700
14.2762 1701
14.2846 1702
14.293 1703
14.3014 1704
14.3097 1705
14.3181 1706
14.3265 1707
14.3349 1708
14.3432 1709
14.3516 1710
14.36 1711
14.3683 1712
14.3767 1713
14.3851 1714
14.3935 1715
14.4018 1716
14.4102 1717
14.4186 1718
14.4269 1719
14.4354 1720
14.4437 1721
14.4521 1722
14.4605 1723
14.4689 1724
14.4772 1725
14.4856 1726
14.494 1727
14.5024 1728
14.5107 1729
14.5191 1730
14.5275 1731
14.5359 1732
14.5442 1733
14.5526 1734
14.561 1735
14.5694 1736
14.5777 1737
14.5861 1738
14.5945 1739
14.6028 1740
14.6112 1741
14.6196 1742
14.628 1743
14.6363 1744
14.6447 1745
14.6531 1746
14.6615 1747
14.6699 1748
14.6783 1749
14.6866 1750
14.695 1751
14.7034 1752
14.7117 1753
14.7201 1754
14.7285 1755
14.7369 1756
14.7453 1757
14.7536 1758
14.762 1759
14.7703 1760
14.7788 1761
14.7871 1762
14.7955 1763
14.8039 1764
14.8122 1765
14.8206 1766
14.829 1767
14.8374 1768
14.8457 1769
14.8541 1770
14.8625 1771
14.8708 1772
14.8792 1773
14.8876 1774
14.896 1775
14.9044 1776
14.9128 1777
14.9211 1778
14.9295 1779
14.9378 1780
14.9463 1781
14.9546 1782
14.963 1783
14.9714 1784
14.9798 1785
14.9881 1786
14.9965 1787
15.0048 1788
15.0132 1789
15.0216 1790
15.03 1791
15.0384 1792
15.0468 1793
15.0552 1794
15.0635 1795
15.0719 1796
15.0803 1797
15.0887 1798
15.097 1799
15.1054 1800
15.1138 1801
15.1221 1802
15.1306 1803
15.1389 1804
15.1473 1805
15.1557 1806
15.164 1807
15.1724 1808
15.1808 1809
15.1892 1810
15.1975 1811
15.2059 1812
15.2143 1813
15.2226 1814
15.231 1815
15.2394 1816
15.2478 1817
15.2562 1818
15.2645 1819
15.2729 1820
15.2813 1821
15.2896 1822
15.298 1823
15.3064 1824
15.3147 1825
15.3232 1826
15.3316 1827
15.3399 1828
15.3483 1829
15.3567 1830
15.3651 1831
15.3734 1832
15.3818 1833
15.3901 1834
15.3985 1835
15.4069 1836
15.4153 1837
15.4236 1838
15.432 1839
15.4403 1840
15.4487 1841
15.4571 1842
15.4655 1843
15.4739 1844
15.4823 1845
15.4906 1846
15.499 1847
15.5074 1848
15.5157 1849
15.5241 1850
15.5325 1851
15.5409 1852
15.5492 1853
15.5577 1854
15.5661 1855
15.5744 1856
15.5828 1857
15.5912 1858
15.5996 1859
15.6119 1860
15.6165 1861
15.6247 1862
15.633 1863
15.6414 1864
15.6498 1865
15.6581 1866
15.6665 1867
15.6749 1868
15.6835 1869
15.6916 1870
15.7 1871
15.7083 1872
15.7167 1873
15.7251 1874
15.7335 1875
15.7419 1876
15.7502 1877
15.7586 1878
15.767 1879
15.7754 1880
15.7837 1881
15.7921 1882
15.8005 1883
15.8089 1884
15.8172 1885
15.8256 1886
15.834 1887
15.8423 1888
15.8507 1889
15.8591 1890
15.8675 1891
15.8758 1892
15.8842 1893
15.8926 1894
15.901 1895
15.9094 1896
15.9178 1897
15.9261 1898
15.9346 1899
15.9429 1900
15.9513 1901
15.9597 1902
15.9681 1903
15.9764 1904
15.9848 1905
15.9932 1906
16.0015 1907
16.0099 1908
16.0183 1909
16.0266 1910
16.0351 1911
16.0434 1912
16.0518 1913
16.0602 1914
16.0686 1915
16.0769 1916
16.0853 1917
16.0937 1918
16.102 1919
16.1104 1920
16.1188 1921
16.1272 1922
16.1355 1923
16.1439 1924
16.1523 1925
16.1607 1926
16.169 1927
16.1774 1928
16.1857 1929
16.1941 1930
16.2025 1931
16.2109 1932
16.2192 1933
16.2276 1934
16.236 1935
16.2444 1936
16.2528 1937
16.2611 1938
16.2695 1939
16.2778 1940
16.2862 1941
16.2946 1942
16.303 1943
16.3114 1944
16.3198 1945
16.3282 1946
16.3366 1947
16.3449 1948
16.3533 1949
16.3617 1950
16.37 1951
16.3784 1952
16.3868 1953
16.3951 1954
16.4036 1955
16.4119 1956
16.4203 1957
16.4286 1958
16.437 1959
16.4454 1960
16.4538 1961
16.4622 1962
16.4706 1963
16.4789 1964
16.4872 1965
16.4956 1966
16.504 1967
16.5124 1968
16.5208 1969
16.5291 1970
16.5376 1971
16.5459 1972
16.5551 1973
16.5626 1974
16.571 1975
16.5794 1976
16.5877 1977
16.5961 1978
16.6045 1979
16.6129 1980
16.6213 1981
16.6296 1982
16.638 1983
16.6464 1984
16.6547 1985
16.6631 1986
16.6715 1987
16.6799 1988
16.6882 1989
16.6966 1990
16.705 1991
16.7133 1992
16.7217 1993
16.7301 1994
16.7386 1995
16.7469 1996
16.7553 1997
16.7636 1998
16.772 1999
16.7804 2000
16.7888 2001
16.7971 2002
16.8055 2003
16.8139 2004
16.8223 2005
16.8307 2006
16.839 2007
16.8474 2008
16.8558 2009
16.8642 2010
16.8726 2011
16.8809 2012
16.8893 2013
16.8976 2014
16.9061 2015
16.9144 2016
16.9228 2017
16.9311 2018
16.9396 2019
16.9479 2020
16.9563 2021
16.9647 2022
16.9731 2023
16.9814 2024
16.9898 2025
16.9982 2026
17.0066 2027
17.0149 2028
17.0232 2029
17.0316 2030
17.04 2031
17.0484 2032
17.0568 2033
17.0651 2034
17.0735 2035
17.0819 2036
17.0903 2037
17.0986 2038
17.107 2039
17.1154 2040
17.1238 2041
17.1321 2042
17.1405 2043
17.1488 2044
17.1572 2045
17.1656 2046
17.174 2047
17.1824 2048
17.1907 2049
17.1991 2050
17.2075 2051
17.2159 2052
17.2243 2053
17.2326 2054
17.241 2055
17.2494 2056
17.2578 2057
17.2661 2058
17.2745 2059
17.2829 2060
17.2913 2061
17.2996 2062
17.308 2063
17.3164 2064
17.3248 2065
17.3332 2066
17.3415 2067
17.3499 2068
17.3582 2069
17.3666 2070
17.375 2071
17.3834 2072
17.3918 2073
17.4002 2074
17.4085 2075
17.417 2076
17.4253 2077
17.4337 2078
17.442 2079
17.4504 2080
17.4588 2081
17.4672 2082
17.4755 2083
17.4839 2084
17.4922 2085
17.5007 2086
17.509 2087
17.5174 2088
17.5258 2089
17.5341 2090
17.5426 2091
17.5509 2092
17.5593 2093
17.5676 2094
17.576 2095
17.5844 2096
17.5928 2097
17.6012 2098
17.6096 2099
17.6179 2100
17.6263 2101
17.6346 2102
17.643 2103
17.6514 2104
17.6597 2105
17.6681 2106
17.6765 2107
17.6849 2108
17.6933 2109
17.7016 2110
17.71 2111
17.7184 2112
17.7268 2113
17.7352 2114
17.7435 2115
17.7519 2116
17.7603 2117
17.7687 2118
17.777 2119
17.7854 2120
17.7938 2121
17.8022 2122
17.8105 2123
17.8189 2124
17.8273 2125
17.8357 2126
17.8441 2127
17.8524 2128
17.8608 2129
17.8692 2130
17.8776 2131
17.8859 2132
17.8943 2133
17.9026 2134
17.911 2135
17.9194 2136
17.9278 2137
17.9361 2138
17.9445 2139
17.9529 2140
17.9612 2141
17.9696 2142
17.978 2143
17.9864 2144
17.9947 2145
18.0032 2146
18.0115 2147
18.0198 2148
18.0283 2149
18.0366 2150
18.045 2151
18.0534 2152
18.0618 2153
18.0701 2154
18.0785 2155
18.0869 2156
18.0952 2157
18.1036 2158
18.112 2159
18.1204 2160
18.1288 2161
18.1372 2162
18.1456 2163
18.1539 2164
18.1623 2165
18.1707 2166
18.179 2167
18.1874 2168
18.1957 2169
18.2041 2170
18.2125 2171
18.2209 2172
18.2293 2173
18.2376 2174
18.246 2175
18.2544 2176
18.2628 2177
18.2711 2178
18.2795 2179
18.2879 2180
18.2963 2181
18.3047 2182
18.313 2183
18.3214 2184
18.3298 2185
18.3382 2186
18.3466 2187
18.3549 2188
18.3633 2189
18.3717 2190
18.3801 2191
18.3884 2192
18.3968 2193
18.4052 2194
18.4135 2195
18.4219 2196
18.4303 2197
18.4387 2198
18.447 2199
18.4554 2200
18.4637 2201
18.4721 2202
18.4805 2203
18.4889 2204
18.4972 2205
18.5056 2206
18.514 2207
18.5224 2208
18.5307 2209
18.5391 2210
18.5475 2211
18.5559 2212
18.5643 2213
18.5727 2214
18.581 2215
18.5894 2216
18.5978 2217
18.6061 2218
18.6145 2219
18.6229 2220
18.6312 2221
18.6397 2222
18.648 2223
18.6564 2224
18.6647 2225
18.6731 2226
18.6815 2227
18.6898 2228
18.6982 2229
18.7066 2230
18.715 2231
18.7234 2232
18.7318 2233
18.7401 2234
18.7485 2235
18.7569 2236
18.7652 2237
18.7736 2238
18.782 2239
18.7903 2240
18.7988 2241
18.8071 2242
18.8155 2243
18.8239 2244
18.8322 2245
18.8407 2246
18.849 2247
18.8574 2248
18.8658 2249
18.8741 2250
18.8826 2251
18.8909 2252
18.8993 2253
18.9076 2254
18.916 2255
18.9244 2256
18.9328 2257
18.9411 2258
18.9495 2259
18.9579 2260
18.9662 2261
18.9746 2262
18.983 2263
18.9914 2264
18.9997 2265
19.0082 2266
19.0165 2267
19.0249 2268
19.0332 2269
19.0416 2270
19.05 2271
19.0586 2272
19.0667 2273
19.0751 2274
19.0835 2275
19.0918 2276
19.1002 2277
19.1086 2278
19.117 2279
19.1254 2280
19.1337 2281
19.1421 2282
19.1505 2283
19.1589 2284
19.1672 2285
19.1756 2286
19.184 2287
19.1924 2288
19.2007 2289
19.2091 2290
19.2175 2291
19.2259 2292
19.2343 2293
19.2426 2294
19.251 2295
19.2594 2296
19.2678 2297
19.2762 2298
19.2846 2299
19.2929 2300
19.3013 2301
19.3097 2302
19.318 2303
19.3264 2304
19.3348 2305
19.3431 2306
19.3515 2307
19.3598 2308
19.3682 2309
19.3766 2310
19.385 2311
19.3934 2312
19.4017 2313
19.4101 2314
19.4186 2315
19.4269 2316
19.4353 2317
19.4436 2318
19.452 2319
19.4603 2320
19.4687 2321
19.4771 2322
19.4855 2323
19.4938 2324
19.5022 2325
19.5106 2326
19.519 2327
19.5273 2328
19.5357 2329
19.5441 2330
19.5525 2331
19.5609 2332
19.5692 2333
19.5776 2334
19.586 2335
19.5943 2336
19.6027 2337
19.6111 2338
19.6195 2339
19.6278 2340
19.6362 2341
19.6446 2342
19.6529 2343
19.6613 2344
19.6697 2345
19.6781 2346
19.6865 2347
19.6948 2348
19.7032 2349
19.7116 2350
19.72 2351
19.7283 2352
19.7367 2353
19.7451 2354
19.7535 2355
19.7618 2356
19.7702 2357
19.7786 2358
19.787 2359
19.7953 2360
19.8037 2361
19.8121 2362
19.8205 2363
19.8289 2364
19.8372 2365
19.8456 2366
19.854 2367
19.8624 2368
19.8707 2369
19.8792 2370
19.8875 2371
19.8959 2372
19.9042 2373
19.9127 2374
19.921 2375
19.9294 2376
19.9378 2377
19.9461 2378
19.9545 2379
19.9629 2380
19.9712 2381
19.9796 2382
19.988 2383
19.9963 2384
20.0048 2385
20.0132 2386
20.0215 2387
20.0299 2388
20.0382 2389
20.0466 2390
20.055 2391
20.0634 2392
20.0718 2393
20.0801 2394
20.0885 2395
20.0969 2396
20.1053 2397
20.1136 2398
20.122 2399
20.1304 2400
20.1388 2401
20.1472 2402
20.1555 2403
20.1639 2404
20.1723 2405
20.1807 2406
20.189 2407
20.1973 2408
20.2057 2409
20.2141 2410
20.2225 2411
20.2309 2412
20.2393 2413
20.2476 2414
20.256 2415
20.2644 2416
20.2727 2417
20.2812 2418
20.2895 2419
20.2979 2420
20.3063 2421
20.3147 2422
20.323 2423
20.3313 2424
20.3397 2425
20.3481 2426
20.3565 2427
20.3649 2428
20.3732 2429
20.3816 2430
20.39 2431
20.3984 2432
20.4068 2433
20.4151 2434
20.4235 2435
20.4319 2436
20.4403 2437
20.4486 2438
20.457 2439
20.4654 2440
20.4737 2441
20.4822 2442
20.4905 2443
20.4989 2444
20.5072 2445
20.5156 2446
20.524 2447
20.5324 2448
20.5407 2449
20.5491 2450
20.5575 2451
20.5658 2452
20.5742 2453
20.5826 2454
20.5909 2455
20.5993 2456
20.6077 2457
20.6161 2458
20.6245 2459
20.6328 2460
20.6412 2461
20.6496 2462
20.658 2463
20.6664 2464
20.6747 2465
20.6831 2466
20.6915 2467
20.6999 2468
20.7082 2469
20.7166 2470
20.725 2471
20.7333 2472
20.7417 2473
20.7501 2474
20.7585 2475
20.7668 2476
20.7752 2477
20.7836 2478
20.792 2479
20.8003 2480
20.8087 2481
20.8171 2482
20.8255 2483
20.8339 2484
20.8422 2485
20.8506 2486
20.859 2487
20.8673 2488
20.8757 2489
20.8841 2490
20.8925 2491
20.9008 2492
20.9092 2493
20.9176 2494
20.926 2495
20.9344 2496
20.9427 2497
20.9511 2498
20.9595 2499
20.9679 2500
20.9762 2501
20.9846 2502
20.993 2503
21.0013 2504
21.0097 2505
21.0181 2506
21.0264 2507
21.0349 2508
21.0432 2509
21.0516 2510
21.06 2511
21.0683 2512
21.0767 2513
21.0851 2514
21.0935 2515
21.1018 2516
21.1102 2517
21.1186 2518
21.127 2519
21.1354 2520
21.1438 2521
21.1522 2522
21.1605 2523
21.1689 2524
21.1773 2525
21.1857 2526
21.194 2527
21.2024 2528
21.2108 2529
21.2192 2530
21.2275 2531
21.2358 2532
21.2442 2533
21.2527 2534
21.261 2535
21.2694 2536
21.2778 2537
21.2862 2538
21.2946 2539
21.3028 2540
21.3113 2541
21.3226 2542
21.328 2543
21.3364 2544
21.3448 2545
21.3531 2546
21.3615 2547
21.3699 2548
21.3783 2549
21.3866 2550
21.395 2551
21.4034 2552
21.4118 2553
21.4201 2554
21.4285 2555
21.4369 2556
21.4453 2557
21.4537 2558
21.462 2559
21.4704 2560
21.4788 2561
21.4872 2562
21.4955 2563
21.5039 2564
21.5123 2565
21.5207 2566
21.5299 2567
21.5374 2568
21.5458 2569
21.5541 2570
21.5626 2571
21.5709 2572
21.5793 2573
21.5877 2574
21.5961 2575
21.6044 2576
21.6128 2577
21.6212 2578
21.6295 2579
21.6379 2580
21.6463 2581
21.6546 2582
21.663 2583
21.6714 2584
21.6798 2585
21.6881 2586
21.6965 2587
21.7049 2588
21.7134 2589
21.7216 2590
21.73 2591
21.7384 2592
21.7468 2593
21.7552 2594
21.7636 2595
21.7719 2596
21.7803 2597
21.7887 2598
21.7971 2599
21.8054 2600
21.8138 2601
21.8222 2602
21.8306 2603
21.8389 2604
21.8473 2605
21.8557 2606
21.8641 2607
21.8724 2608
21.8808 2609
21.8892 2610
21.8976 2611
21.9059 2612
21.9143 2613
21.9227 2614
21.9311 2615
21.9394 2616
21.9477 2617
21.9561 2618
21.9645 2619
21.9729 2620
21.9813 2621
21.9897 2622
21.998 2623
22.0064 2624
22.0148 2625
22.0232 2626
22.0315 2627
22.0399 2628
22.0483 2629
22.0566 2630
22.0651 2631
22.0734 2632
22.0818 2633
22.0901 2634
22.0986 2635
22.1069 2636
22.1153 2637
22.1237 2638
22.1321 2639
22.1405 2640
22.1488 2641
22.1572 2642
22.1656 2643
22.1739 2644
22.1823 2645
22.1907 2646
22.1991 2647
22.2088 2648
22.2158 2649
22.2241 2650
22.2325 2652
22.2409 2651
22.2493 2653
22.2576 2654
22.266 2655
22.2744 2656
22.2828 2657
22.2912 2658
22.2995 2659
22.3079 2660
22.3162 2661
22.3247 2662
22.333 2663
22.3414 2664
22.3497 2665
22.3581 2666
22.3665 2667
22.3749 2668
22.3832 2669
22.3916 2670
22.4 2671
22.4084 2672
22.4167 2673
22.4252 2674
22.4338 2675
22.4419 2676
22.4502 2677
22.4587 2678
22.467 2679
22.4754 2680
22.4837 2681
22.4922 2682
22.5005 2683
22.5089 2684
22.5172 2685
22.5256 2686
22.534 2687
22.5424 2688
22.5507 2689
22.5591 2690
22.5675 2692
22.5758 2691
22.5842 2693
22.5926 2694
22.601 2695
22.6094 2696
22.6177 2697
22.6261 2698
22.6346 2699
22.6429 2700
22.6513 2701
22.6597 2702
22.668 2703
22.6764 2704
22.6848 2705
22.6931 2706
22.7015 2707
22.7099 2708
22.7182 2709
22.7266 2710
22.735 2711
22.7434 2712
22.7517 2713
22.7602 2714
22.7685 2715
22.7769 2716
22.7853 2717
22.7937 2718
22.802 2719
22.8104 2720
22.8187 2721
22.8271 2722
22.8355 2723
22.8439 2724
22.8523 2725
22.8607 2726
22.869 2727
22.8774 2728
22.8858 2729
22.8942 2730
22.9026 2731
22.9109 2732
22.9193 2733
22.9277 2734
22.936 2735
22.9444 2736
22.9528 2737
22.9611 2738
22.9695 2739
22.9779 2740
22.9863 2741
22.9946 2742
23.003 2743
23.0114 2744
23.0197 2745
23.0281 2746
23.0365 2747
23.0449 2748
23.0533 2749
23.0617 2750
23.07 2751
23.0784 2752
23.0868 2753
23.0951 2754
23.1035 2755
23.1119 2756
23.1203 2757
23.1286 2758
23.137 2759
23.1454 2760
23.1538 2761
23.1622 2762
23.1706 2763
23.1789 2764
23.1872 2765
23.1956 2766
23.204 2767
23.2124 2768
23.2208 2769
23.2292 2770
23.2375 2771
23.2459 2772
23.2543 2773
23.2627 2774
23.271 2775
23.2794 2776
23.2878 2777
23.2961 2778
23.3045 2779
23.313 2780
23.3213 2781
23.3297 2782
23.3381 2783
23.3464 2784
23.3548 2785
23.3632 2786
23.3716 2787
23.3799 2788
23.3883 2789
23.3967 2790
23.405 2791
23.4135 2792
23.4218 2793
23.4302 2794
23.4386 2795
23.4469 2796
23.4553 2797
23.4637 2798
23.4721 2799
23.4804 2800
23.4888 2801
23.4972 2802
23.5055 2803
23.5139 2804
23.5223 2805
23.5306 2806
23.539 2807
23.5474 2808
23.5557 2809
23.5641 2810
23.5725 2811
23.5809 2812
23.5892 2813
23.5976 2814
23.606 2815
23.6144 2816
23.6227 2817
23.6311 2818
23.6395 2819
23.6479 2820
23.6562 2821
23.6647 2822
23.673 2823
23.6814 2824
23.6898 2825
23.6982 2826
23.7065 2827
23.7149 2828
23.7233 2829
23.7316 2830
23.74 2831
23.7484 2832
23.7567 2833
23.7651 2834
23.7735 2835
23.7819 2836
23.7903 2837
23.7987 2838
23.807 2839
23.8154 2840
23.8237 2841
23.8321 2842
23.8405 2843
23.8489 2844
23.8573 2845
23.8656 2846
23.874 2847
23.8824 2848
23.8908 2849
23.8992 2850
23.9075 2851
23.9159 2852
23.9243 2853
23.9327 2854
23.941 2855
23.9494 2856
23.9578 2857
23.9662 2858
23.9745 2859
23.9829 2860
23.9913 2861
23.9997 2862
24.0081 2863
24.0164 2864
24.0248 2865
24.0332 2866
24.0416 2867
24.0499 2868
24.0583 2869
24.0666 2870
24.075 2871
24.0834 2872
24.0918 2873
24.1001 2874
24.1085 2875
24.1169 2876
24.1253 2877
24.1336 2878
24.142 2879
24.1504 2880
24.1588 2881
24.1671 2882
24.1755 2883
24.1839 2884
24.1922 2885
24.2006 2886
24.209 2887
24.2174 2888
24.2257 2889
24.2341 2890
24.2426 2891
24.2509 2892
24.2593 2893
24.2677 2894
24.276 2896
24.2843 2895
24.2927 2897
24.3011 2898
24.3095 2899
24.3178 2900
24.3262 2901
24.3346 2902
24.343 2903
24.3514 2904
24.3597 2905
24.3681 2906
24.3765 2907
24.3848 2908
24.3932 2909
24.4016 2910
24.41 2911
24.4184 2912
24.4267 2913
24.4351 2914
24.4435 2915
24.4519 2916
24.4603 2917
24.4686 2918
24.477 2919
24.4854 2920
24.4938 2921
24.5021 2922
24.5105 2923
24.5189 2924
24.5272 2925
24.5356 2926
24.544 2927
24.5524 2928
24.5607 2929
24.5691 2930
24.5775 2931
24.5859 2932
24.5942 2933
24.6026 2934
24.611 2936
24.6193 2935
24.6278 2937
24.6362 2938
24.6446 2939
24.653 2940
24.6613 2941
24.6696 2942
24.6781 2943
24.6864 2944
24.6948 2945
24.7031 2946
24.7115 2947
24.7199 2948
24.7282 2949
24.7366 2950
24.745 2951
24.7534 2952
24.7618 2953
24.7702 2954
24.7786 2955
24.7869 2956
24.7952 2957
24.8037 2958
24.812 2959
24.8204 2960
24.8288 2961
24.8372 2962
24.8456 2963
24.8539 2964
24.8623 2965
24.8707 2966
24.8791 2967
24.8874 2968
24.8958 2969
24.9042 2970
24.9125 2971
24.921 2972
24.9293 2973
24.9376 2974
24.946 2975
24.9544 2976
24.9627 2977
24.9712 2978
24.9795 2979
24.9879 2980
24.9963 2981
25.0047 2982
25.013 2983
25.0214 2984
25.0298 2985
25.0381 2986
25.0465 2987
25.0549 2988
25.0633 2989
25.0716 2990
25.08 2992
25.0884 2991
25.0967 2993
25.1052 2994
25.1135 2995
25.1219 2996
25.1302 2997
25.1386 2998
25.147 2999
25.1554 3000
25.1638 3001
25.1722 3002
25.1805 3003
25.1889 3004
25.1972 3005
25.2056 3006
25.214 3007
25.2224 3008
25.2307 3009
25.2391 3010
25.2475 3011
25.2558 3012
25.2642 3013
25.2726 3014
25.281 3015
25.2894 3016
25.2977 3017
25.3062 3018
25.3146 3019
25.3229 3020
25.3312 3021
25.3397 3022
25.348 3023
25.3564 3024
25.3648 3025
25.3731 3026
25.3815 3027
25.3898 3028
25.3982 3029
25.4066 3030
25.415 3032
25.4234 3031
25.4318 3033
25.4401 3034
25.4485 3035
25.4569 3036
25.4653 3037
25.4736 3038
25.482 3039
25.4903 3040
25.4987 3041
25.5071 3042
25.5155 3043
25.5238 3044
25.5322 3045
25.5406 3046
25.549 3047
25.5573 3048
25.5657 3049
25.5741 3050
25.5825 3052
25.5908 3051
25.5992 3053
25.6076 3054
25.616 3055
25.6243 3056
25.6327 3057
25.6411 3058
25.6495 3059
25.6578 3060
25.6662 3061
25.6746 3062
25.683 3063
25.6914 3064
25.6997 3065
25.7081 3066
25.7165 3067
25.7249 3068
25.7333 3069
25.7416 3070
25.75 3071
25.7584 3072
25.7667 3073
25.7751 3074
25.7835 3075
25.7919 3076
25.8002 3077
25.8089 3078
25.817 3079
25.8256 3080
25.8337 3081
25.8422 3082
25.8505 3083
25.8589 3084
25.8673 3085
25.8757 3086
25.884 3087
25.8924 3088
25.9008 3089
25.9091 3090
25.9175 3092
25.9259 3091
25.9343 3093
25.9427 3094
25.9511 3095
25.9594 3096
25.9678 3097
25.9762 3098
25.9845 3099
25.9929 3100
26.0012 3101
26.0096 3102
26.018 3103
26.0264 3104
26.0347 3105
26.0431 3106
26.0515 3107
26.0599 3108
26.0682 3109
26.0767 3110
26.085 3111
26.0934 3112
26.1017 3113
26.1101 3114
26.1186 3115
26.1269 3116
26.1353 3117
26.1436 3118
26.152 3119
26.1604 3120
26.1688 3121
26.1771 3122
26.1855 3123
26.1939 3124
26.2023 3125
26.2106 3126
26.219 3127
26.2274 3128
26.2358 3129
26.2441 3130
26.2525 3131
26.2609 3132
26.2692 3133
26.2776 3134
26.286 3135
26.2944 3136
26.3028 3137
26.3111 3138
26.3195 3139
26.3279 3140
26.3363 3141
26.3446 3142
26.353 3143
26.3614 3144
26.3698 3145
26.3782 3146
26.3866 3147
26.3949 3148
26.4032 3149
26.4116 3150
26.42 3151
26.4284 3152
26.4368 3153
26.4452 3154
26.4535 3155
26.4619 3156
26.4703 3157
26.4787 3158
26.4871 3159
26.4954 3160
26.5037 3161
26.5122 3162
26.5206 3163
26.5289 3164
26.5372 3165
26.5456 3166
26.554 3167
26.5624 3168
26.5708 3169
26.5792 3170
26.5876 3171
26.5959 3172
26.6042 3173
26.6126 3174
26.621 3175
26.6293 3176
26.6377 3177
26.6461 3178
26.6546 3179
26.6629 3180
26.6712 3181
26.6796 3182
26.688 3183
26.6964 3184
26.7048 3185
26.7131 3186
26.7215 3187
26.7299 3188
26.7383 3189
26.7466 3190
26.755 3191
26.7634 3192
26.7718 3193
26.7802 3194
26.7885 3195
26.7969 3196
26.8053 3197
26.8136 3198
26.822 3199
26.8304 3200
26.8388 3201
26.8472 3202
26.8555 3203
26.8639 3204
26.8723 3205
26.8807 3206
26.889 3207
26.8974 3208
26.9058 3209
26.9142 3210
26.9225 3211
26.9309 3212
26.9393 3213
26.9476 3214
26.956 3215
26.9644 3216
26.9727 3217
26.9811 3218
26.9895 3219
26.9979 3220
27.0062 3221
27.0146 3222
27.023 3223
27.0314 3224
27.0397 3225
27.0481 3226
27.0565 3227
27.0649 3228
27.0732 3229
27.0816 3230
27.09 3231
27.0984 3232
27.1067 3233
27.1151 3234
27.1235 3235
27.1319 3236
27.1402 3237
27.1486 3238
27.157 3239
27.1654 3240
27.1737 3241
27.1821 3242
27.1906 3243
27.1989 3244
27.2072 3245
27.2156 3246
27.224 3247
27.2324 3248
27.2407 3249
27.2491 3250
27.2575 3251
27.2722 3252
27.2742 3253
27.2826 3254
27.291 3255
27.2994 3256
27.3077 3257
27.3161 3258
27.3245 3259
27.3329 3260
27.3413 3261
27.3497 3262
27.358 3263
27.3664 3264
27.3748 3265
27.3832 3266
27.3916 3267
27.3999 3268
27.4083 3269
27.4167 3270
27.4251 3271
27.4334 3272
27.4418 3273
27.4502 3274
27.4587 3275
27.4669 3276
27.4753 3277
27.4837 3278
27.4921 3279
27.5004 3280
27.5088 3281
27.5172 3282
27.5256 3283
27.5339 3284
27.5423 3285
27.5507 3286
27.5591 3287
27.5674 3288
27.5757 3289
27.5841 3290
27.5925 3291
27.6009 3292
27.6092 3293
27.6176 3294
27.626 3295
27.6344 3296
27.6427 3297
27.6511 3298
27.6595 3299
27.6679 3300
27.6763 3301
27.6847 3302
27.693 3303
27.7014 3304
27.7098 3305
27.7182 3306
27.7266 3307
27.7349 3308
27.7432 3309
27.7516 3310
27.76 3311
27.7684 3312
27.7768 3313
27.7852 3314
27.7935 3315
27.8019 3316
27.8103 3317
27.8186 3318
27.827 3319
27.8354 3320
27.8438 3321
27.8522 3322
27.8605 3323
27.8689 3324
27.8773 3325
27.8856 3326
27.894 3327
27.9024 3328
27.9108 3329
27.9191 3330
27.9275 3331
27.9359 3332
27.9443 3333
27.9527 3334
27.961 3335
27.9694 3336
27.9778 3337
27.9862 3338
27.9945 3339
28.0029 3340
28.0113 3341
28.0197 3342
28.028 3343
28.0364 3344
28.0447 3345
28.0531 3346
28.0615 3347
28.0699 3348
28.0782 3349
28.0866 3350
28.095 3351
28.1034 3352
28.1118 3353
28.1201 3354
28.1285 3355
28.1369 3356
28.1452 3357
28.1536 3358
28.162 3359
28.1704 3360
28.1787 3361
28.1871 3362
28.1955 3363
28.2039 3364
28.2123 3365
28.2206 3366
28.229 3367
28.2374 3368
28.2457 3369
28.2541 3370
28.2626 3371
28.2708 3372
28.2792 3373
28.2876 3374
28.296 3375
28.3044 3376
28.3127 3377
28.3211 3378
28.3295 3379
28.3378 3380
28.3462 3381
28.3546 3382
28.363 3383
28.3713 3384
28.3797 3385
28.3881 3386
28.3965 3387
28.4049 3388
28.4133 3389
28.4216 3390
28.43 3391
28.4384 3392
28.4467 3393
28.4551 3394
28.4635 3395
28.4718 3396
28.4802 3397
28.4886 3398
28.497 3399
28.5053 3400
28.5137 3401
28.5221 3402
28.5305 3403
28.5388 3404
28.5472 3405
28.5556 3406
28.564 3407
28.5724 3408
28.5807 3409
28.5891 3410
28.5975 3411
28.6059 3412
28.6143 3413
28.6227 3414
28.631 3415
28.6394 3416
28.6478 3417
28.6562 3418
28.6645 3419
28.6729 3420
28.6812 3421
28.6897 3422
28.698 3423
28.7064 3424
28.7148 3425
28.7231 3426
28.7315 3427
28.7399 3428
28.7483 3429
28.7566 3430
28.765 3431
28.7734 3432
28.7818 3433
28.7901 3434
28.7985 3435
28.8068 3436
28.8152 3437
28.8236 3438
28.832 3439
28.8404 3440
28.8487 3441
28.8571 3442
28.8655 3443
28.8738 3444
28.8822 3445
28.8906 3446
28.899 3447
28.9074 3448
28.9157 3449
28.9241 3450
28.9325 3451
28.9409 3452
28.9492 3453
28.9576 3454
28.966 3455
28.9744 3456
28.9827 3457
28.9911 3458
28.9995 3459
29.0079 3460
29.0162 3461
29.0246 3462
29.033 3463
29.0414 3464
29.0497 3465
29.0581 3466
29.0666 3467
29.0749 3468
29.0832 3469
29.0916 3470
29.1 3471
29.1084 3472
29.1167 3473
29.1251 3474
29.1335 3475
29.1419 3476
29.1502 3477
29.1586 3478
29.167 3479
29.1753 3480
29.184 3481
29.1921 3482
29.2005 3483
29.2089 3484
29.2172 3485
29.2256 3486
29.234 3487
29.2424 3488
29.2507 3489
29.2591 3490
29.2675 3491
29.2759 3492
29.2842 3493
29.2926 3494
29.301 3495
29.3095 3496
29.3178 3497
29.3261 3498
29.3346 3499
29.3429 3500
29.3513 3501
29.3596 3502
29.368 3503
29.3764 3504
29.3848 3505
29.3932 3506
29.4015 3507
29.4099 3508
29.4183 3509
29.4266 3510
29.4351 3511
29.4434 3512
29.4518 3513
29.4602 3514
29.4686 3515
29.4769 3516
29.4853 3517
29.4937 3518
29.5021 3519
29.5105 3520
29.5188 3521
29.5272 3522
29.5356 3523
29.544 3524
29.5523 3525
29.5607 3526
29.5691 3527
29.5774 3528
29.5858 3529
29.5942 3530
29.6026 3531
29.6109 3532
29.6193 3533
29.6277 3534
29.6361 3535
29.6445 3536
29.6528 3537
29.6611 3538
29.6695 3539
29.6779 3540
29.6863 3541
29.6947 3542
29.703 3543
29.7114 3544
29.7198 3545
29.7282 3546
29.7365 3547
29.745 3548
29.7533 3549
29.7616 3550
29.77 3551
29.7784 3552
29.7867 3553
29.7951 3554
29.8036 3555
29.8119 3556
29.8203 3557
29.8286 3558
29.837 3559
29.8454 3560
29.8538 3561
29.8622 3562
29.8705 3563
29.8789 3564
29.8873 3565
29.8956 3566
29.904 3567
29.9124 3568
29.9208 3569
29.9291 3570
29.9375 3571
29.9459 3572
29.9542 3573
29.9626 3574
29.971 3575
29.9794 3576
29.9878 3577
29.9961 3578
30.0045 3579
30.0129 3580
30.0213 3581
30.0297 3582
30.038 3583
30.0464 3584
30.0547 3585
30.0632 3586
30.0715 3587
30.0799 3588
30.0882 3589
30.0966 3590
30.105 3591
30.1134 3592
30.1217 3593
30.1301 3594
30.1385 3595
30.1469 3596
30.1552 3597
30.1636 3598
30.172 3599
30.1804 3600
30.1887 3601
30.1972 3602
30.2055 3603
30.2139 3604
30.2222 3605
30.2306 3606
30.239 3607
30.2474 3608
30.2558 3609
30.2641 3610
30.2725 3611
30.2809 3612
30.2893 3613
30.2977 3614
30.306 3615
30.3144 3616
30.3228 3617
30.3311 3618
30.3395 3619
30.3479 3620
30.3563 3621
30.3647 3622
30.3731 3623
30.3815 3624
30.3898 3625
30.3982 3626
30.4065 3627
30.415 3628
30.4233 3629
30.4316 3630
30.44 3631
30.4484 3632
30.4568 3633
30.4651 3634
30.4735 3635
30.4819 3636
30.4903 3637
30.4987 3638
30.5071 3639
30.5154 3640
30.5238 3641
30.5322 3642
30.5406 3643
30.5489 3644
30.5573 3645
30.5656 3646
30.574 3647
30.5824 3648
30.5908 3649
30.5991 3650
30.6075 3651
30.6159 3652
30.6243 3653
30.6326 3654
30.641 3656
30.6494 3655
30.6577 3657
30.6661 3658
30.6746 3659
30.6829 3660
30.6913 3661
30.6997 3662
30.708 3663
30.7164 3664
30.7248 3665
30.7331 3666
30.7415 3667
30.7499 3668
30.7583 3669
30.7666 3670
30.7751 3671
30.7834 3672
30.7918 3673
30.8002 3674
30.8086 3675
30.8169 3676
30.8253 3677
30.8342 3678
30.842 3679
30.8504 3680
30.8588 3681
30.8671 3682
30.8755 3683
30.8839 3684
30.8922 3685
30.9007 3686
30.909 3687
30.9174 3688
30.9258 3689
30.9342 3690
30.9425 3691
30.9509 3692
30.9593 3693
30.9677 3694
30.976 3696
30.9844 3695
30.9928 3697
31.0012 3698
31.0095 3699
31.0179 3700
31.0262 3701
31.0347 3702
31.043 3703
31.0514 3704
31.0598 3705
31.0681 3706
31.0766 3707
31.0849 3708
31.0933 3709
31.1017 3710
31.11 3711
31.1184 3712
31.1267 3713
31.1352 3714
31.1435 3715
31.1519 3716
31.1602 3717
31.1686 3718
31.177 3719
31.1854 3720
31.1938 3721
31.2021 3722
31.2105 3723
31.2189 3724
31.2272 3725
31.2357 3726
31.244 3727
31.2524 3728
31.2608 3729
31.2692 3730
31.2775 3731
31.2859 3732
31.2943 3733
31.3027 3734
31.3111 3735
31.3194 3736
31.3278 3737
31.3361 3738
31.3445 3739
31.3529 3740
31.3613 3741
31.3697 3742
31.378 3743
31.3864 3744
31.3948 3745
31.4031 3746
31.4116 3747
31.42 3748
31.4283 3749
31.4366 3750
31.445 3751
31.4534 3752
31.4618 3753
31.4702 3754
31.4785 3755
31.487 3756
31.4954 3757
31.5037 3758
31.5121 3759
31.5205 3760
31.5288 3761
31.5372 3762
31.5455 3763
31.554 3764
31.5623 3765
31.5707 3766
31.5791 3767
31.5874 3768
31.5958 3769
31.6041 3770
31.6125 3771
31.621 3772
31.6314 3773
31.6377 3774
31.646 3775
31.6544 3776
31.6628 3777
31.6711 3778
31.6795 3779
31.6879 3780
31.6963 3781
31.7046 3782
31.7131 3783
31.7214 3784
31.7298 3785
31.7382 3786
31.7467 3787
31.7549 3788
31.7633 3789
31.7716 3790
31.78 3791
31.7884 3792
31.7968 3793
31.8051 3794
31.8135 3795
31.8219 3796
31.8303 3797
31.8387 3798
31.847 3799
31.8554 3800
31.8638 3801
31.8721 3802
31.8805 3803
31.8889 3804
31.8973 3805
31.9057 3806
31.9141 3807
31.9224 3808
31.9308 3809
31.9391 3810
31.9476 3811
31.9559 3812
31.9643 3813
31.9727 3814
31.981 3815
31.9894 3816
31.9977 3817
32.0062 3818
32.0145 3819
32.0229 3820
32.0312 3821
32.0397 3822
32.048 3823
32.0564 3824
32.0648 3825
32.0732 3826
32.0815 3827
32.0899 3828
32.0983 3829
32.1067 3830
32.115 3831
32.1234 3832
32.1317 3833
32.1401 3834
32.1485 3835
32.1569 3836
32.1652 3837
32.1736 3838
32.182 3839
32.1904 3840
32.1988 3841
32.2072 3842
32.2155 3843
32.2239 3844
32.2323 3845
32.2407 3846
32.249 3847
32.2574 3848
32.2658 3849
32.2742 3850
32.2826 3851
32.2909 3852
32.2993 3853
32.3077 3854
32.3161 3855
32.3323 3856
32.3327 3857
32.3412 3858
32.3495 3859
32.3579 3860
32.3662 3861
32.3746 3862
32.383 3863
32.3914 3864
32.3998 3865
32.4082 3866
32.4165 3867
32.4249 3868
32.4333 3869
32.4417 3870
32.4501 3871
32.4584 3872
32.4668 3873
32.4751 3874
32.4835 3875
32.4919 3876
32.5003 3877
32.5087 3878
32.517 3879
32.5254 3880
32.5338 3881
32.5422 3882
32.5505 3883
32.5592 3884
32.5673 3885
32.5756 3886
32.5841 3887
32.5924 3888
32.6008 3889
32.6092 3890
32.6175 3891
32.6259 3892
32.6343 3893
32.6427 3894
32.651 3895
32.6594 3896
32.6677 3897
32.6761 3898
32.6845 3899
32.6929 3900
32.7012 3901
32.7096 3902
32.718 3903
32.7264 3904
32.7348 3905
32.7432 3906
32.7515 3907
32.7599 3908
32.7682 3909
32.7766 3910
32.785 3911
32.7934 3912
32.8018 3913
32.8101 3914
32.8186 3915
32.8269 3916
32.8353 3917
32.8436 3918
32.852 3919
32.8604 3920
32.8688 3921
32.8772 3922
32.8856 3923
32.8939 3924
32.9023 3925
32.9107 3926
32.919 3927
32.9274 3928
32.9358 3929
32.9442 3930
32.9525 3931
32.9609 3932
32.9693 3933
32.9777 3934
32.9861 3935
32.9944 3936
33.0028 3937
33.0112 3938
33.0195 3939
33.0279 3940
33.0363 3941
33.0447 3942
33.053 3943
33.0614 3944
33.0698 3945
33.0782 3946
33.0865 3947
33.0949 3948
33.1033 3949
33.1118 3950
33.12 3951
33.1284 3952
33.1368 3953
33.1451 3954
33.1535 3955
33.1619 3956
33.1703 3957
33.1787 3958
33.187 3959
33.1954 3960
33.2038 3961
33.2122 3962
33.2205 3963
33.2289 3964
33.2373 3965
33.2457 3966
33.2541 3967
33.2624 3968
33.2708 3969
33.2792 3970
33.2876 3971
33.2959 3972
33.3043 3973
33.3127 3974
33.3211 3975
33.3294 3976
33.3377 3977
33.3461 3978
33.3544 3979
33.3629 3980
33.3712 3981
33.3796 3982
33.388 3983
33.3964 3984
33.4047 3985
33.4131 3986
33.4215 3987
33.4299 3988
33.4382 3989
33.4466 3990
33.455 3991
33.4634 3992
33.4717 3993
33.4801 3994
33.4885 3995
33.4969 3996
33.5052 3997
33.5137 3998
33.522 3999
33.5304 4000
33.5387 4001
33.5472 4002
33.5555 4003
33.5639 4004
33.5723 4005
33.5807 4006
33.589 4007
33.5974 4008
33.6058 4009
33.6141 4010
33.6225 4011
33.6309 4012
33.6392 4013
33.6477 4014
33.656 4015
33.6644 4016
33.6728 4017
33.6812 4018
33.6895 4019
33.6979 4020
33.7063 4021
33.7146 4022
33.723 4023
33.7314 4024
33.7398 4025
33.7481 4026
33.7565 4027
33.7649 4028
33.7733 4029
33.7817 4030
33.79 4031
33.7984 4032
33.8067 4033
33.8152 4034
33.8235 4035
33.8319 4036
33.8402 4037
33.8486 4038
33.857 4039
33.8654 4040
33.8742 4041
33.8821 4042
33.8905 4043
33.8999 4045
33.9072 4044
33.9156 4046
33.924 4047
33.9324 4048
33.9408 4049
33.9492 4050
33.9575 4051
33.9659 4052
33.9743 4053
33.9827 4054
33.991 4055
33.9994 4056
34.0078 4057
34.0162 4058
34.0245 4059
34.0329 4060
34.0413 4061
34.0497 4062
34.058 4065
34.0664 4063
34.0748 4064
34.0832 4066
34.0915 4067
34.0999 4068
34.1083 4069
34.1167 4070
34.125 4071
34.1334 4072
34.1418 4073
34.1502 4074
34.1586 4075
34.1669 4076
34.1753 4077
34.1837 4078
34.192 4079
34.2004 4080
34.2088 4081
34.2171 4082
34.2255 4084
34.2339 4083
34.2423 4085
34.2506 4086
34.259 4087
34.2674 4088
34.2758 4089
34.2842 4090
34.2925 4091
34.3009 4092
34.3094 4093
34.3177 4094
34.326 4095
34.3344 4096
34.3428 4097
34.3512 4098
34.3595 4099
34.3679 4100
34.3763 4101
34.3847 4102
34.3931 4103
34.4014 4104
34.4098 4105
34.4182 4106
34.4265 4107
34.4349 4108
34.4433 4109
34.4517 4110
34.46 4111
34.4684 4112
34.4768 4113
34.4852 4114
34.4936 4115
34.5019 4116
34.5103 4117
34.5187 4118
34.527 4119
34.5354 4120
34.5438 4121
34.5522 4122
34.5605 4123
34.5689 4124
34.5773 4125
34.5856 4126
34.594 4127
34.6024 4128
34.6108 4129
34.6192 4130
34.6275 4131
34.6359 4132
34.6443 4133
34.6526 4134
34.661 4135
34.6694 4136
34.6778 4137
34.6861 4138
34.6945 4139
34.7029 4140
34.7113 4141
34.7196 4142
34.728 4143
34.7364 4144
34.7448 4145
34.7531 4146
34.7615 4147
34.7699 4148
34.7783 4149
34.7866 4150
34.795 4151
34.8034 4152
34.8118 4153
34.8202 4154
34.8285 4155
34.8369 4156
34.8453 4157
34.8537 4158
34.862 4159
34.8704 4160
34.8787 4161
34.8871 4162
34.8955 4163
34.9039 4164
34.9123 4165
34.9207 4166
34.929 4167
34.9375 4168
34.9458 4169
34.9578 4170
34.9624 4171
34.9709 4172
34.9793 4173
34.9913 4174
34.996 4175
35.0044 4176
35.0128 4177
35.0245 4178
35.0295 4179
35.0379 4180
35.0463 4181
35.0547 4182
35.063 4183
35.0714 4184
35.0798 4185
35.0881 4186
35.0965 4187
35.1049 4188
35.1132 4189
35.1251 4190
35.1301 4191
35.1383 4192
35.1468 4193
35.1587 4194
35.1635 4195
35.1719 4196
35.1803 4197
35.1923 4198
35.197 4199
35.2054 4200
35.2138 4201
35.2221 4202
35.2305 4203
35.239 4204
35.2473 4205
35.2557 4206
35.2641 4207
35.2725 4208
35.2808 4209
35.2929 4210
35.2975 4211
35.3061 4212
35.3143 4213
35.3263 4214
35.331 4215
35.3394 4216
35.3478 4217
35.3597 4218
35.3646 4219
35.3729 4220
35.3813 4221
35.3898 4222
35.398 4223
35.4064 4224
35.4148 4225
35.4232 4226
35.4315 4227
35.44 4228
35.4483 4229
35.4605 4230
35.4651 4231
35.4734 4232
35.4838 4233
35.4936 4234
35.4985 4235
35.5069 4236
35.5153 4237
35.5273 4238
35.532 4239
35.5404 4240
35.5488 4241
35.5571 4242
35.5655 4243
35.5739 4244
35.5823 4245
35.5906 4246
35.599 4247
35.6074 4248
35.6157 4249
35.6276 4250
35.6325 4251
35.6408 4252
35.6493 4253
35.661 4254
35.666 4255
35.6743 4256
35.6827 4257
35.6945 4258
35.6995 4259
35.7095 4260
35.7162 4261
35.7246 4262
35.733 4263
35.7413 4264
35.7497 4265
35.7584 4266
35.7666 4267
35.7748 4268
35.7832 4269
35.7951 4270
35.8 4271
35.8084 4272
35.8168 4273
35.8286 4274
35.8335 4275
35.8419 4276
35.8503 4277
35.8621 4278
35.867 4279
35.8754 4280
35.8838 4281
35.8921 4282
35.9005 4283
35.9088 4284
35.9172 4285
35.9256 4286
35.9343 4287
35.9424 4288
35.9508 4289
35.9626 4290
35.9675 4291
35.9759 4292
35.9843 4293
35.996 4294
36.001 4295
36.0094 4296
36.0178 4297
36.0297 4298
36.0345 4299
36.0429 4300
36.0513 4301
36.0597 4302
36.068 4303
36.0764 4304
36.0848 4305
36.0932 4306
36.1015 4307
36.1099 4308
36.1183 4309
36.1302 4310
36.135 4311
36.1434 4312
36.1518 4313
36.1636 4314
36.1685 4315
36.1769 4316
36.1853 4317
36.1973 4318
36.202 4319
36.2104 4320
36.2188 4321
36.2271 4322
36.2355 4323
36.244 4324
36.2523 4325
36.2607 4326
36.2691 4327
36.2775 4328
36.2858 4329
36.2979 4330
36.3026 4331
36.311 4332
36.3193 4333
36.3313 4334
36.3361 4335
36.3445 4336
36.3528 4337
36.3649 4338
36.3696 4339
36.3779 4340
36.3863 4341
36.3946 4342
36.403 4343
36.4114 4344
36.4198 4345
36.4281 4346
36.4365 4347
36.4449 4348
36.4533 4349
36.4653 4350
36.47 4351
36.4784 4352
36.4868 4353
36.4985 4354
36.5035 4355
36.5119 4356
36.5202 4357
36.5319 4358
36.537 4359
36.5454 4360
36.5538 4361
36.5622 4362
36.5705 4363
36.5789 4364
36.5873 4365
36.5957 4366
36.6041 4367
36.6124 4368
36.6208 4369
36.6327 4370
36.6375 4371
36.6459 4372
36.6543 4373
36.6662 4374
36.671 4375
36.6794 4376
36.6878 4377
36.7032 4378
36.7045 4379
36.713 4380
36.7213 4381
36.7297 4382
36.7381 4383
36.7464 4384
36.7548 4385
36.7632 4386
36.7716 4387
36.7799 4388
36.7883 4389
36.8003 4390
36.805 4391
36.8135 4392
36.8218 4393
36.8339 4395
36.8385 4394
36.8469 4396
36.8553 4397
36.8671 4398
36.872 4399
36.8804 4400
36.8888 4401
36.8972 4402
36.9056 4403
36.9139 4404
36.9223 4405
36.9306 4406
36.939 4407
36.9474 4408
36.9558 4409
36.9679 4410
36.9726 4411
36.981 4412
36.9893 4413
37.0013 4414
37.006 4415
37.0145 4416
37.0228 4417
37.035 4418
37.0396 4419
37.0479 4420
37.0563 4421
37.0647 4422
37.073 4423
37.0814 4424
37.0898 4425
37.0981 4426
37.1065 4427
37.1149 4428
37.1233 4429
37.1352 4430
37.14 4431
37.1484 4432
37.1568 4433
37.1689 4435
37.1735 4434
37.1819 4436
37.1903 4437
37.2021 4438
37.207 4439
37.2154 4440
37.2238 4441
37.2321 4442
37.2405 4443
37.2489 4444
37.2573 4445
37.2657 4446
37.2741 4447
37.2824 4448
37.2908 4449
37.3026 4450
37.3075 4451
37.3159 4452
37.3243 4453
37.3361 4454
37.341 4455
37.3494 4456
37.3578 4457
37.3697 4458
37.3745 4459
37.3851 4460
37.3913 4461
37.3996 4462
37.4081 4463
37.4164 4464
37.4247 4465
37.4331 4466
37.4415 4467
37.4499 4468
37.4583 4469
37.4703 4470
37.4751 4471
37.4834 4472
37.4918 4473
37.5036 4474
37.5085 4475
37.5169 4476
37.5253 4477
37.5373 4478
37.5421 4479
37.5504 4480
37.5588 4481
37.5672 4482
37.5755 4483
37.584 4484
37.5923 4485
37.6007 4486
37.6091 4487
37.6174 4488
37.6258 4489
37.6377 4490
37.6426 4491
37.6509 4492
37.6593 4493
37.6713 4494
37.6761 4495
37.6845 4496
37.6928 4497
37.7045 4498
37.7096 4499
37.7179 4500
37.7263 4501
37.7347 4502
37.743 4503
37.7514 4504
37.7598 4505
37.7682 4506
37.7766 4507
37.785 4508
37.7933 4509
37.8054 4511
37.81 4512
37.8184 4510
37.8268 4513
37.839 4515
37.8435 4516
37.8519 4514
37.8603 4517
37.8733 4519
37.877 4518
37.8854 4520
37.8938 4521
37.9022 4522
37.9105 4523
37.919 4524
37.9274 4525
37.9357 4526
37.9441 4527
37.9525 4528
37.9608 4529
37.9692 4532
37.9776 4531
37.9859 4530
37.9944 4533
38.0027 4536
38.0111 4535
38.0195 4534
38.0278 4537
38.0362 4539
38.0446 4538
38.0529 4540
38.0614 4541
38.0697 4542
38.0781 4543
38.0865 4544
38.0948 4545
38.1032 4546
38.1116 4547
38.12 4548
38.1283 4549
38.137 4551
38.1454 4552
38.1538 4550
38.1622 4553
38.1705 4555
38.1789 4554
38.1872 4556
38.1956 4557
38.204 4558
38.2124 4559
38.2207 4560
38.2292 4561
38.2375 4562
38.2459 4563
38.2543 4564
38.2626 4565
38.271 4566
38.2794 4567
38.2877 4568
38.2961 4569
38.3045 4570
38.3129 4571
38.3213 4572
38.3296 4573
38.338 4574
38.3464 4575
38.3548 4576
38.3631 4577
38.3715 4578
38.3798 4579
38.3882 4580
38.3966 4581
38.405 4582
38.4134 4583
38.4218 4584
38.4301 4585
38.4384 4586
38.4469 4587
38.4552 4588
38.4636 4589
38.472 4590
38.4804 4592
38.4888 4591
38.4971 4593
38.5055 4594
38.5139 4595
38.5222 4596
38.5306 4597
38.539 4598
38.5474 4599
38.5557 4600
38.5641 4601
38.5725 4602
38.5809 4603
38.5892 4604
38.5976 4605
38.606 4606
38.6144 4607
38.6227 4608
38.6311 4609
38.6395 4610
38.6479 4611
38.6562 4612
38.6646 4613
38.673 4614
38.6814 4615
38.6898 4616
38.6981 4617
38.7065 4618
38.7149 4619
38.7233 4620
38.7317 4621
38.7401 4622
38.7484 4623
38.7568 4624
38.7652 4625
38.7735 4626
38.7819 4627
38.7903 4628
38.7987 4629
38.8071 4630
38.8154 4631
38.8238 4632
38.8322 4633
38.8406 4634
38.8489 4635
38.8573 4636
38.8657 4637
38.8741 4638
38.8824 4639
38.8908 4640
38.8991 4641
38.9075 4642
38.9159 4643
38.9243 4644
38.9326 4645
38.941 4646
38.9494 4647
38.9577 4648
38.9661 4649
38.9744 4650
38.9829 4651
38.9913 4652
38.9996 4653
39.008 4654
39.0164 4655
39.0248 4656
39.0331 4657
39.0416 4658
39.05 4659
39.0584 4660
39.0667 4661
39.0751 4662
39.0834 4663
39.0918 4664
39.1002 4665
39.1086 4666
39.1169 4667
39.1253 4668
39.1337 4669
39.1421 4670
39.1504 4671
39.1589 4672
39.1672 4673
39.1756 4674
39.1839 4675
39.1923 4676
39.2007 4677
39.2091 4678
39.2174 4679
39.2258 4680
39.2342 4681
39.2425 4682
39.2509 4683
39.2593 4684
39.2677 4685
39.276 4686
39.2844 4687
39.2928 4688
39.3012 4689
39.3096 4690
39.3179 4691
39.3263 4692
39.3346 4693
39.3431 4694
39.3514 4695
39.3598 4696
39.3682 4697
39.3766 4698
39.3849 4699
39.3933 4700
39.4016 4701
39.41 4702
39.4184 4703
39.4268 4704
39.4351 4705
39.4435 4706
39.4519 4707
39.4603 4708
39.4686 4709
39.477 4710
39.4854 4711
39.4938 4712
39.5021 4713
39.5105 4714
39.5189 4715
39.5273 4716
39.5357 4717
39.5441 4718
39.5524 4719
39.5608 4720
39.5692 4721
39.5775 4722
39.5859 4723
39.5943 4724
39.6027 4725
39.6111 4726
39.6195 4727
39.6278 4728
39.6362 4729
39.6446 4730
39.653 4731
39.6613 4732
39.6697 4733
39.6781 4734
39.6864 4735
39.6948 4736
39.7032 4737
39.7116 4738
39.72 4739
39.7283 4740
39.7367 4741
39.7451 4742
39.7534 4743
39.7619 4744
39.7702 4745
39.7785 4746
39.7869 4747
39.7953 4748
39.8037 4749
39.8121 4750
39.8204 4751
39.8288 4752
39.8371 4753
39.8455 4754
39.8539 4755
39.8623 4756
39.8707 4757
39.879 4758
39.8874 4759
39.8958 4760
39.9041 4761
39.9126 4762
39.9209 4763
39.9293 4764
39.9377 4765
39.9461 4766
39.9544 4767
39.9628 4768
39.9712 4769
39.9796 4770
39.9879 4771
39.9963 4772
40.0047 4773
40.0131 4774
40.0214 4775
40.0298 4776
40.0382 4777
40.0466 4778
40.055 4779
40.0633 4780
40.0717 4781
40.0801 4782
40.0884 4783
40.0968 4784
40.1052 4785
40.1136 4786
40.1219 4787
40.1304 4788
40.1387 4789
40.1471 4790
40.1554 4791
40.1638 4792
40.1722 4793
40.1805 4794
40.1889 4795
40.1973 4796
40.2057 4797
40.2141 4798
40.2224 4799
40.2308 4800
40.2391 4801
40.2475 4802
40.2559 4803
40.2643 4804
40.2726 4805
40.281 4806
40.2894 4807
40.2978 4808
40.3061 4809
40.3145 4810
40.3229 4811
40.3313 4812
40.3396 4813
40.348 4814
40.3564 4815
40.3648 4816
40.3732 4817
40.3815 4818
40.3899 4819
40.3984 4820
40.4066 4821
40.4151 4822
40.4235 4823
40.4318 4824
40.4402 4825
40.4486 4826
40.4569 4827
40.4653 4828
40.4737 4829
40.482 4830
40.4904 4831
40.4988 4832
40.5072 4833
40.5156 4834
40.5239 4835
40.5323 4836
40.5455 4837
40.549 4838
40.5574 4839
40.5658 4840
40.5741 4841
40.5825 4842
40.5909 4843
40.5993 4844
40.6076 4845
40.616 4846
40.6244 4847
40.6328 4848
40.6412 4849
40.6496 4850
40.6579 4851
40.6663 4852
40.6747 4853
40.6831 4854
40.6914 4855
40.6998 4856
40.7081 4857
40.7165 4858
40.7249 4859
40.7333 4860
40.7417 4861
40.75 4862
40.7584 4863
40.7667 4864
40.7751 4865
40.7835 4866
40.7919 4867
40.8002 4868
40.8086 4869
40.817 4870
40.8254 4871
40.8338 4872
40.8421 4873
40.8505 4874
40.8589 4875
40.8673 4876
40.8757 4877
40.884 4878
40.8924 4879
40.9008 4880
40.9092 4881
40.9176 4882
40.9259 4883
40.9346 4884
40.9427 4885
40.951 4886
40.9594 4887
40.9678 4888
40.9762 4889
40.9845 4890
40.9929 4891
41.0013 4892
41.0097 4893
41.0181 4894
41.0265 4895
41.0349 4896
41.0432 4897
41.0516 4898
41.06 4899
41.0683 4900
41.0767 4901
41.0851 4902
41.0934 4903
41.1019 4904
41.1102 4905
41.1186 4906
41.127 4907
41.1353 4908
41.1437 4909
41.1521 4910
41.1604 4911
41.1689 4912
41.1772 4913
41.1856 4914
41.194 4915
41.2023 4916
41.2107 4917
41.2191 4918
41.2275 4919
41.2358 4920
41.2442 4921
41.2526 4922
41.2609 4923
41.2693 4924
41.2776 4925
41.286 4926
41.2944 4927
41.3028 4928
41.3112 4929
41.3196 4930
41.328 4931
41.3363 4932
41.3447 4933
41.3531 4934
41.3615 4935
41.3698 4936
41.3782 4937
41.3866 4938
41.395 4939
41.4033 4940
41.4117 4941
41.4201 4942
41.4284 4943
41.4368 4944
41.4452 4945
41.4535 4946
41.4619 4947
41.4703 4948
41.4786 4949
41.4871 4950
41.4955 4951
41.5038 4952
41.5122 4953
41.5205 4954
41.529 4956
41.5373 4955
41.5456 4957
41.554 4958
41.5624 4959
41.5708 4960
41.5792 4961
41.5875 4962
41.5959 4964
41.6043 4963
41.6127 4965
41.6211 4966
41.6295 4967
41.6378 4968
41.6462 4969
41.6545 4970
41.6629 4972
41.6713 4971
41.6797 4973
41.6881 4974
41.6964 4976
41.7048 4975
41.7132 4977
41.7216 4978
41.73 4979
41.7383 4980
41.7467 4981
41.7551 4982
41.7634 4984
41.7718 4983
41.7802 4985
41.7885 4986
41.7969 4987
41.8053 4988
41.8136 4989
41.8221 4990
41.8304 4992
41.8388 4991
41.8472 4993
41.8556 4994
41.8639 4995
41.8723 4996
41.8806 4997
41.8898 4998
41.8974 4999
41.9058 5000
41.9141 5001
41.9225 5002
41.9309 5003
41.9393 5004
41.9477 5005
41.956 5006
41.9644 5007
41.9728 5008
41.9812 5009
41.9895 5010
41.9979 5011
42.0063 5012
42.0147 5013
42.0231 5014
42.0314 5015
42.0398 5016
42.0482 5017
42.0566 5018
42.0649 5019
42.0733 5020
42.0817 5021
42.0901 5022
42.0984 5023
42.1068 5024
42.1151 5025
42.1236 5026
42.1319 5027
42.1403 5028
42.1486 5029
42.1571 5030
42.1654 5031
42.1738 5032
42.1822 5033
42.1905 5034
42.199 5035
42.2074 5036
42.2157 5037
42.224 5038
42.2324 5039
42.2408 5040
42.2492 5041
42.2575 5042
42.266 5043
42.2743 5044
42.2827 5045
42.2911 5046
42.2994 5047
42.3079 5048
42.3162 5049
42.3246 5050
42.3329 5051
42.3413 5052
42.3497 5053
42.358 5054
42.3664 5055
42.3748 5056
42.3832 5057
42.3916 5058
42.4 5059
42.4083 5060
42.4167 5061
42.425 5062
42.4388 5063
42.4418 5064
42.4501 5065
42.4585 5066
42.4669 5067
42.4753 5068
42.4837 5069
42.492 5070
42.5004 5071
42.5089 5072
42.5172 5073
42.5256 5074
42.534 5075
42.5423 5076
42.5507 5077
42.5591 5078
42.5674 5079
42.5758 5080
42.5842 5081
42.5926 5082
42.601 5083
42.6094 5084
42.6177 5085
42.6261 5086
42.6345 5087
42.6428 5088
42.6512 5089
42.6596 5090
42.6679 5091
42.6764 5092
42.6847 5093
42.693 5094
42.7015 5095
42.7098 5096
42.7182 5097
42.7265 5098
42.7349 5099
42.7433 5100
42.7516 5101
42.76 5102
42.7684 5103
42.7767 5104
42.7852 5105
42.7935 5106
42.8019 5107
42.8103 5108
42.8186 5109
42.827 5110
42.8354 5111
42.8438 5112
42.8522 5113
42.8605 5114
42.8689 5115
42.8773 5116
42.8856 5117
42.894 5118
42.9024 5119
42.9109 5120
42.9192 5121
42.9276 5122
42.936 5123
42.9443 5124
42.9527 5125
42.9611 5126
42.9695 5127
42.9779 5128
42.9862 5129
42.9945 5130
43.003 5131
43.0113 5132
43.0197 5133
43.0281 5134
43.0364 5135
43.0449 5136
43.0532 5137
43.0616 5138
43.07 5139
43.0784 5140
43.0867 5141
43.0951 5142
43.1035 5143
43.1118 5144
43.1202 5145
43.1286 5146
43.137 5147
43.1453 5148
43.1537 5149
43.1624 5150
43.1708 5151
43.1791 5152
43.1875 5153
43.1959 5154
43.2042 5155
43.2126 5156
43.221 5157
43.2294 5158
43.2378 5159
43.2461 5160
43.2545 5161
43.2629 5162
43.2713 5163
43.2797 5164
43.2881 5165
43.2964 5166
43.3048 5167
43.3132 5168
43.3216 5169
43.3299 5170
43.3383 5171
43.3466 5172
43.3551 5173
43.3634 5174
43.3718 5175
43.3802 5176
43.3886 5177
43.3969 5178
43.4053 5179
43.4136 5180
43.422 5181
43.4304 5182
43.4387 5183
43.4471 5184
43.4555 5185
43.4639 5186
43.4723 5187
43.4807 5188
43.4891 5189
43.4974 5190
43.5058 5191
43.5142 5192
43.5226 5193
43.5309 5194
43.5393 5195
43.5477 5196
43.5561 5197
43.5644 5198
43.5728 5199
43.5812 5200
43.5896 5201
43.5979 5202
43.6063 5203
43.6147 5204
43.6231 5205
43.6314 5206
43.6398 5207
43.6482 5208
43.6565 5209
43.6649 5210
43.6733 5211
43.6817 5212
43.69 5213
43.6984 5214
43.7068 5215
43.7151 5216
43.7235 5217
43.7319 5218
43.7403 5219
43.7487 5220
43.7571 5221
43.7654 5222
43.7738 5223
43.7822 5224
43.7905 5225
43.7989 5226
43.8073 5227
43.8157 5228
43.824 5229
43.8324 5230
43.8408 5231
43.8492 5232
43.8576 5233
43.8659 5234
43.8743 5235
43.8827 5236
43.8911 5237
43.8994 5238
43.9078 5239
43.9162 5240
43.9245 5241
43.9329 5242
43.9413 5243
43.9496 5244
43.958 5245
43.9664 5246
43.9748 5247
43.9831 5248
43.9915 5249
43.9999 5250
44.0083 5251
44.0166 5252
44.0251 5253
44.0334 5254
44.0419 5255
44.0502 5256
44.0586 5257
44.067 5258
44.0754 5259
44.0837 5260
44.0921 5261
44.1005 5262
44.1088 5263
44.1172 5264
44.1256 5265
44.134 5266
44.1423 5267
44.1507 5268
44.1591 5269
44.1675 5270
44.1758 5271
44.1842 5272
44.1926 5273
44.201 5274
44.2093 5275
44.2177 5276
44.2261 5277
44.2345 5278
44.2428 5279
44.2512 5280
44.2596 5281
44.268 5282
44.2763 5283
44.2847 5284
44.2931 5285
44.3014 5286
44.3098 5287
44.3181 5288
44.3265 5289
44.3349 5290
44.3433 5291
44.3517 5292
44.3601 5293
44.3684 5294
44.3768 5295
44.3852 5296
44.3935 5297
44.4019 5298
44.4103 5299
44.4187 5300
44.427 5301
44.4354 5302
44.4437 5303
44.4521 5304
44.4605 5305
44.4689 5306
44.4772 5307
44.4856 5308
44.494 5309
44.5024 5310
44.5108 5311
44.5191 5312
44.5275 5313
44.5359 5314
44.5442 5315
44.5526 5316
44.561 5317
44.5694 5318
44.5778 5319
44.5861 5320
44.5945 5321
44.6029 5322
44.6113 5323
44.6196 5324
44.628 5325
44.6364 5326
44.6447 5327
44.6531 5328
44.6615 5329
44.6699 5330
44.6783 5331
44.6866 5332
44.695 5333
44.7034 5334
44.7117 5335
44.7201 5336
44.7285 5337
44.7369 5338
44.7453 5339
44.7536 5340
44.762 5341
44.7704 5342
44.7788 5343
44.7871 5344
44.7955 5345
44.8039 5346
44.8123 5347
44.8206 5348
44.829 5349
44.8374 5350
44.8458 5351
44.8541 5352
44.8626 5353
44.8709 5354
44.8793 5355
44.8877 5356
44.896 5357
44.9044 5358
44.9128 5359
44.9211 5360
44.9295 5361
44.9379 5362
44.9463 5363
44.9547 5364
44.963 5365
44.9714 5366
44.9798 5367
44.9882 5368
44.9965 5369
45.0049 5370
45.0133 5371
45.0217 5372
45.0301 5373
45.0384 5374
45.0468 5375
45.0552 5376
45.0635 5377
45.0719 5378
45.0802 5379
45.0886 5380
45.097 5381
45.1054 5382
45.1137 5383
45.1221 5384
45.1305 5385
45.1389 5386
45.1472 5387
45.1556 5388
45.164 5389
45.1724 5390
45.1808 5391
45.1891 5392
45.1975 5393
45.2059 5394
45.2142 5395
45.2226 5396
45.231 5397
45.2394 5398
45.2477 5399
45.2561 5400
45.2645 5401
45.2768 5402
45.2812 5404
45.2896 5403
45.298 5405
45.3064 5406
45.3148 5407
45.3231 5408
45.3315 5409
45.3399 5410
45.3483 5411
45.3566 5412
45.365 5413
45.3734 5414
45.3818 5415
45.3901 5416
45.3985 5417
45.4069 5418
45.4152 5419
45.4236 5420
45.432 5421
45.4404 5422
45.4488 5423
45.4571 5424
45.4655 5425
45.4739 5426
45.4823 5427
45.4906 5428
45.499 5429
45.5074 5430
45.5158 5431
45.5241 5432
45.5325 5433
45.5409 5434
45.5492 5435
45.5576 5436
45.566 5437
45.5744 5438
45.5827 5439
45.5911 5440
45.5995 5441
45.6079 5442
45.6163 5444
45.6246 5443
45.633 5445
45.6414 5446
45.6498 5447
45.6581 5448
45.6665 5449
45.6749 5450
45.6833 5451
45.6916 5452
45.7 5453
45.7084 5454
45.7168 5455
45.7251 5456
45.7335 5457
45.7419 5458
45.7503 5459
45.7586 5460
45.767 5461
45.7754 5462
45.7837 5463
45.7921 5464
45.8005 5465
45.8089 5466
45.8172 5467
45.8257 5468
45.834 5469
45.8424 5470
45.8508 5471
45.8591 5472
45.8675 5473
45.8759 5474
45.8843 5475
45.8927 5476
45.9011 5477
45.9094 5478
45.9178 5479
45.9262 5480
45.9348 5481
45.9429 5482
45.9513 5483
45.9596 5484
45.968 5485
45.9764 5486
45.9848 5487
45.9931 5488
46.0015 5489
46.0099 5490
46.0182 5491
46.0266 5492
46.035 5493
46.0434 5494
46.0518 5495
46.0602 5496
46.0685 5497
46.0769 5498
46.0853 5499
46.0937 5500
46.1021 5501
46.1104 5502
46.1188 5503
46.1272 5504
46.1356 5505
46.1439 5506
46.1523 5507
46.1606 5508
46.1691 5509
46.1774 5510
46.1858 5511
46.1942 5512
46.2026 5513
46.2109 5514
46.2193 5515
46.2276 5516
46.2361 5517
46.2444 5518
46.2528 5519
46.2612 5520
46.2696 5521
46.2779 5522
46.2863 5523
46.2947 5524
46.303 5525
46.3114 5526
46.3198 5527
46.3282 5528
46.3365 5529
46.3449 5530
46.3533 5531
46.3617 5532
46.37 5533
46.3784 5534
46.3868 5535
46.3952 5536
46.4035 5537
46.4119 5538
46.4203 5539
46.4287 5540
46.4371 5541
46.4454 5542
46.4538 5543
46.4622 5544
46.4705 5545
46.4813 5546
46.4873 5547
46.4957 5548
46.504 5549
46.5124 5550
46.5208 5551
46.5291 5552
46.5376 5553
46.5459 5554
46.5543 5555
46.5627 5556
46.5711 5557
46.5794 5558
46.5878 5559
46.5962 5560
46.6045 5561
46.6129 5562
46.6213 5563
46.6297 5564
46.638 5565
46.6464 5566
46.6548 5567
46.6632 5568
46.6716 5569
46.6799 5570
46.6883 5571
46.6966 5572
46.705 5573
46.7134 5574
46.7218 5575
46.7302 5576
46.7385 5577
46.7469 5578
46.7553 5579
46.7637 5580
46.772 5581
46.7805 5582
46.7888 5583
46.7972 5584
46.8055 5585
46.814 5586
46.8223 5587
46.8306 5588
46.839 5589
46.8474 5590
46.8558 5591
46.8641 5592
46.8725 5593
46.8809 5594
46.8893 5595
46.8977 5596
46.9061 5597
46.9145 5598
46.9228 5599
46.9312 5600
46.9396 5601
46.948 5602
46.9563 5604
46.9647 5603
46.973 5605
46.9814 5606
46.9898 5607
46.9982 5608
47.0065 5609
47.0163 5610
47.0233 5611
47.0317 5612
47.0401 5613
47.0484 5614
47.0568 5615
47.0652 5616
47.0735 5617
47.0819 5618
47.0903 5619
47.0987 5620
47.1071 5621
47.1154 5622
47.1238 5623
47.1322 5624
47.1406 5625
47.1489 5626
47.1573 5627
47.1657 5628
47.1741 5629
47.1824 5630
47.1908 5631
47.1991 5632
47.2075 5633
47.2159 5634
47.2243 5635
47.2326 5636
47.241 5637
47.2494 5638
47.2578 5639
47.2661 5640
47.2745 5641
47.2829 5642
47.2913 5644
47.2996 5643
47.308 5645
47.3164 5646
47.3248 5647
47.3331 5648
47.3415 5649
47.3499 5650
47.3583 5651
47.3666 5652
47.375 5653
47.3834 5654
47.3918 5655
47.4001 5656
47.4085 5657
47.4169 5658
47.4253 5659
47.4336 5660
47.442 5661
47.4504 5662
47.4588 5664
47.4671 5663
47.4755 5665
47.4839 5666
47.4947 5667
47.5006 5668
47.509 5669
47.5174 5670
47.5257 5672
47.5341 5671
47.5425 5673
47.5509 5674
47.5593 5676
47.5677 5675
47.5761 5677
47.5844 5678
47.5928 5679
47.6012 5680
47.6095 5681
47.6179 5682
47.6263 5683
47.6347 5684
47.6431 5685
47.6514 5686
47.6598 5687
47.6682 5688
47.6766 5689
47.6849 5690
47.6933 5691
47.7017 5692
47.7101 5693
47.7184 5694
47.7268 5695
47.7352 5696
47.7436 5697
47.7519 5698
47.7603 5699
47.7687 5700
47.7771 5701
47.7854 5702
47.7938 5704
47.8022 5703
47.8105 5705
47.8189 5706
47.8273 5707
47.8357 5708
47.844 5709
47.8524 5710
47.8608 5712
47.8692 5711
47.8776 5713
47.886 5714
47.8943 5715
47.9027 5716
47.9111 5717
47.9194 5718
47.9278 5719
47.9362 5720
47.9446 5721
47.9529 5722
47.9614 5723
47.9697 5724
47.9781 5725
47.9864 5726
47.9948 5727
48.0032 5728
48.0116 5729
48.02 5730
48.0283 5731
48.0367 5732
48.0451 5733
48.0534 5734
48.0618 5735
48.0702 5736
48.0785 5737
48.087 5738
48.0953 5739
48.1037 5740
48.1121 5741
48.1204 5742
48.1288 5743
48.1372 5744
48.1456 5745
48.1539 5746
48.1623 5747
48.1706 5748
48.179 5749
48.1874 5750
48.1958 5751
48.2041 5752
48.2149 5753
48.2209 5754
48.2293 5756
48.2377 5755
48.246 5757
48.2544 5758
48.2629 5759
48.2711 5760
48.2795 5761
48.2879 5762
48.2963 5764
48.3047 5763
48.3131 5765
48.3214 5766
48.3298 5767
48.3382 5768
48.3465 5769
48.3549 5770
48.3633 5771
48.3717 5772
48.3801 5773
48.3884 5774
48.3968 5775
48.4052 5776
48.4136 5777
48.422 5778
48.4304 5779
48.4387 5780
48.4471 5781
48.4554 5782
48.4638 5783
48.4722 5784
48.4805 5785
48.4889 5786
48.4973 5787
48.5057 5788
48.514 5789
48.5224 5790
48.5308 5792
48.5392 5791
48.5476 5793
48.5559 5794
48.5643 5795
48.5727 5796
48.5811 5797
48.5894 5798
48.5978 5799
48.6062 5800
48.6145 5801
48.6229 5802
48.6313 5804
48.6397 5803
48.648 5805
48.6564 5806
48.6648 5807
48.6732 5808
48.6816 5809
48.6899 5810
48.6983 5811
48.7067 5812
48.715 5813
48.7234 5814
48.7318 5816
48.7401 5815
48.7485 5817
48.7569 5818
48.7653 5819
48.7736 5820
48.782 5821
48.7904 5822
48.7988 5824
48.8072 5823
48.8156 5825
48.8239 5826
48.8323 5827
48.8406 5828
48.849 5829
48.8574 5830
48.8658 5831
48.8742 5832
48.8825 5833
48.8909 5834
48.8993 5835
48.9077 5836
48.916 5837
48.9244 5838
48.9328 5839
48.9412 5840
48.9496 5841
48.9579 5842
48.9663 5843
48.9747 5844
48.983 5845
48.9914 5846
48.9998 5847
49.0082 5848
49.0165 5849
49.0249 5850
49.0346 5851
49.0417 5852
49.05 5853
49.0584 5854
49.0668 5856
49.0752 5855
49.0835 5857
49.0919 5858
49.1003 5859
49.1087 5860
49.117 5861
49.1254 5862
49.1338 5864
49.1422 5863
49.1505 5865
49.1589 5866
49.1673 5867
49.1757 5868
49.184 5869
49.1925 5870
49.2008 5872
49.2092 5871
49.2175 5873
49.2259 5874
49.2343 5875
49.2427 5876
49.251 5877
49.2594 5878
49.2678 5879
49.2761 5880
49.2846 5881
49.2929 5882
49.3013 5883
49.31 5884
49.318 5885
49.3264 5886
49.3348 5887
49.3432 5888
49.3515 5889
49.3599 5890
49.3683 5892
49.3766 5891
49.385 5893
49.3934 5894
49.4018 5895
49.4102 5896
49.4185 5897
49.4269 5898
49.4353 5899
49.4437 5900
49.4521 5901
49.4604 5902
49.4688 5903
49.4772 5904
49.4856 5905
49.4939 5906
49.5024 5907
49.5107 5908
49.519 5909
49.5275 5910
49.5358 5911
49.5441 5912
49.5526 5913
49.5609 5914
49.5693 5916
49.578 5915
49.586 5917
49.5945 5918
49.6028 5919
49.6112 5920
49.6196 5921
49.6279 5922
49.6363 5923
49.6447 5924
49.6531 5925
49.6615 5926
49.6698 5927
49.6781 5928
49.6865 5929
49.6949 5930
49.7033 5932
49.7117 5931
49.72 5933
49.7284 5934
49.7368 5935
49.7452 5936
49.7536 5937
49.7619 5938
49.7703 5939
49.7787 5940
49.7871 5941
49.7954 5942
49.8038 5943
49.8122 5944
49.8205 5945
49.8289 5946
49.8373 5947
49.8457 5948
49.854 5949
49.8624 5950
49.8708 5952
49.8792 5951
49.8875 5953
49.8959 5954
49.9043 5955
49.9127 5956
49.921 5957
49.9294 5958
49.9378 5959
49.9462 5960
49.9545 5961
49.9629 5962
49.9713 5964
49.9797 5963
49.988 5965
49.9964 5966
50.0048 5967
50.0132 5968
50.0216 5969
50.0299 5970
50.0383 5971
50.0467 5972
50.055 5973
50.0634 5974
50.0718 5975
50.0802 5976
50.0885 5977
50.0969 5978
50.1053 5979
50.1137 5980
50.122 5981
50.1304 5982
50.1388 5984
50.1472 5983
50.1555 5985
50.1639 5986
50.1723 5987
50.1807 5988
50.189 5989
50.1974 5990
50.2058 5991
50.2142 5992
50.2225 5993
50.231 5994
50.2393 5996
50.2477 5995
50.2561 5997
50.2644 5998
50.2728 5999
50.2812 6000
50.2895 6001
50.2979 6002
50.3063 6004
50.3147 6003
50.3286 6005
50.3314 6006
50.3398 6007
50.3482 6008
50.3565 6009
50.3649 6010
50.3733 6011
50.3817 6012
50.3901 6013
50.3985 6014
50.4068 6015
50.4152 6016
50.4236 6017
50.4319 6018
50.4403 6019
50.4487 6020
50.4571 6021
50.4654 6022
50.4738 6023
50.4822 6024
50.4905 6025
50.4989 6026
50.5073 6027
50.5157 6028
50.524 6029
50.5324 6030
50.5408 6031
50.5492 6032
50.5576 6033
50.5659 6034
50.5743 6036
50.5827 6035
50.591 6037
50.5994 6038
50.6078 6039
50.6162 6040
50.6246 6041
50.6329 6042
50.6413 6044
50.6497 6043
50.6581 6045
50.6664 6046
50.6748 6047
50.6831 6048
50.6915 6049
50.6999 6050
50.7083 6052
50.7167 6051
50.7251 6053
50.7334 6054
50.7418 6056
50.7502 6055
50.7586 6057
50.7669 6058
50.7753 6059
50.7837 6060
50.7921 6061
50.8004 6062
50.8088 6064
50.8172 6063
50.8256 6065
50.8339 6066
50.8423 6067
50.8507 6068
50.859 6069
50.8674 6070
50.8758 6072
50.8843 6071
50.8926 6073
50.9009 6074
50.9093 6075
50.9177 6076
50.926 6077
50.9344 6078
50.9428 6079
50.9512 6080
50.9596 6081
50.9679 6082
50.9763 6084
50.9847 6083
50.9931 6085
51.0014 6086
51.0098 6087
51.0182 6088
51.0266 6089
51.0349 6090
51.0433 6092
51.0517 6091
51.0601 6093
51.0684 6094
51.0768 6096
51.0852 6095
51.0935 6097
51.1019 6098
51.1103 6099
51.1188 6100
51.1271 6101
51.1354 6102
51.1438 6104
51.1522 6103
51.1606 6105
51.169 6106
51.1773 6107
51.1857 6108
51.1941 6109
51.2025 6110
51.2108 6112
51.2192 6111
51.2276 6113
51.236 6114
51.2443 6115
51.2527 6116
51.2611 6117
51.2694 6118
51.2778 6119
51.2862 6120
51.2946 6121
51.303 6122
51.3113 6123
51.3197 6124
51.3281 6125
51.3365 6126
51.3448 6127
51.3549 6128
51.3615 6129
51.3699 6130
51.3783 6131
51.3866 6132
51.395 6133
51.4034 6134
51.4118 6135
51.4204 6136
51.4285 6137
51.4369 6138
51.4453 6139
51.4536 6140
51.462 6141
51.4704 6142
51.4788 6144
51.4872 6143
51.4955 6145
51.504 6146
51.5123 6147
51.5207 6148
51.5291 6149
51.5374 6150
51.5458 6152
51.5542 6151
51.5625 6153
51.5709 6154
51.5793 6156
51.5877 6155
51.5961 6157
51.6044 6158
51.6128 6159
51.6212 6160
51.6296 6161
51.6379 6162
51.6463 6163
51.6547 6164
51.663 6165
51.6714 6166
51.6798 6167
51.6882 6168
51.6966 6169
51.7049 6170
51.7133 6171
51.7217 6172
51.73 6173
51.7385 6174
51.7468 6175
51.7552 6176
51.7635 6177
51.7719 6178
51.7803 6179
51.7886 6180
51.797 6181
51.8054 6182
51.8138 6183
51.8222 6184
51.8305 6185
51.8389 6186
51.8473 6187
51.8556 6188
51.864 6189
51.8724 6190
51.8808 6192
51.8892 6191
51.8975 6193
51.9059 6194
51.9143 6196
51.9227 6195
51.931 6197
51.9395 6198
51.9478 6199
51.9562 6200
51.9645 6201
51.9729 6202
51.9813 6203
51.9897 6204
51.998 6205
52.0064 6206
52.0156 6207
52.0232 6208
52.0315 6209
52.0399 6210
52.0483 6212
52.0566 6211
52.065 6213
52.0734 6214
52.0818 6216
52.0901 6215
52.0985 6217
52.1069 6218
52.1153 6219
52.1237 6220
52.1321 6221
52.1405 6222
52.1488 6223
52.1572 6224
52.1656 6225
52.174 6226
52.1823 6227
52.1908 6228
52.1991 6229
52.2075 6230
52.2158 6232
52.2242 6231
52.2326 6233
52.241 6234
52.2494 6236
52.2577 6235
52.2661 6237
52.2745 6238
52.2828 6239
52.2912 6240
52.2996 6241
52.308 6242
52.3163 6243
52.3247 6244
52.333 6245
52.3414 6246
52.3498 6247
52.3582 6248
52.3666 6249
52.375 6250
52.3833 6252
52.3917 6251
52.4001 6253
52.4085 6254
52.4169 6255
52.4252 6256
52.4336 6257
52.442 6258
52.4504 6259
52.4587 6260
52.4671 6261
52.4755 6262
52.4839 6263
52.4922 6264
52.5006 6265
52.509 6266
52.5173 6267
52.5257 6268
52.5341 6269
52.5495 6270
52.5508 6271
52.5592 6272
52.5676 6273
52.5759 6274
52.5843 6276
52.5927 6275
52.6011 6277
52.6094 6278
52.6178 6279
52.6262 6280
52.6346 6281
52.643 6282
52.6513 6283
52.6597 6284
52.6681 6285
52.6764 6286
52.6851 6287
52.6932 6288
52.7016 6289
52.7099 6290
52.7183 6291
52.7267 6292
52.7351 6293
52.7435 6294
52.7518 6295
52.7602 6296
52.7686 6297
52.777 6298
52.7853 6299
52.7937 6300
52.8021 6301
52.8104 6302
52.8188 6304
52.8272 6303
52.8355 6305
52.8439 6306
52.8523 6307
52.8606 6308
52.869 6309
52.8774 6310
52.8858 6312
52.8941 6311
52.9025 6313
52.9109 6314
52.9193 6315
52.9277 6316
52.9361 6317
52.9445 6318
52.9528 6319
52.9611 6320
52.9695 6321
52.9779 6322
52.9863 6324
52.9947 6323
53.0031 6325
53.0115 6326
53.0198 6327
53.0282 6328
53.0366 6329
53.045 6330
53.0533 6332
53.0617 6331
53.0701 6333
53.0785 6334
53.0868 6335
53.0952 6336
53.1036 6337
53.112 6338
53.1203 6339
53.1287 6340
53.1371 6341
53.1455 6342
53.1538 6343
53.1622 6344
53.1705 6345
53.179 6346
53.1873 6347
53.1957 6348
53.2041 6349
53.2124 6350
53.2208 6352
53.2292 6351
53.2376 6353
53.2459 6354
53.2543 6355
53.2627 6356
53.271 6357
53.2794 6358
53.2878 6359
53.2961 6360
53.3045 6361
53.3129 6362
53.3213 6363
53.3297 6364
53.338 6365
53.3464 6366
53.3548 6367
53.3631 6368
53.3715 6369
53.3799 6370
53.3883 6371
53.3966 6372
53.405 6373
53.4134 6374
53.4218 6375
53.4301 6376
53.4385 6377
53.4469 6378
53.4553 6379
53.4636 6380
53.472 6381
53.4804 6382
53.4888 6383
53.4971 6384
53.5055 6385
53.5139 6386
53.5223 6387
53.5306 6388
53.539 6389
53.5474 6390
53.5558 6392
53.5641 6391
53.5725 6393
53.5809 6394
53.5893 6395
53.5977 6396
53.6061 6397
53.6145 6398
53.6228 6399
53.6312 6400
53.6396 6401
53.6479 6402
53.6563 6403
53.6647 6404
53.6731 6405
53.6815 6406
53.6899 6407
53.6982 6408
53.7066 6409
53.715 6410
53.7233 6411
53.7317 6412
53.7401 6413
53.7484 6414
53.7568 6415
53.7652 6416
53.7736 6417
53.7819 6418
53.7904 6419
53.7987 6420
53.8071 6421
53.8154 6422
53.8238 6423
53.8322 6424
53.8406 6425
53.8489 6426
53.8573 6427
53.8657 6428
53.8741 6429
53.8824 6430
53.8908 6431
53.8992 6432
53.9076 6433
53.9159 6434
53.9243 6435
53.9327 6436
53.941 6437
53.9494 6438
53.9578 6439
53.9662 6440
53.9745 6441
53.9829 6442
53.9913 6443
53.9996 6444
54.008 6445
54.0164 6446
54.0248 6447
54.0332 6448
54.0415 6449
54.0499 6450
54.0583 6451
54.0666 6452
54.075 6453
54.0834 6454
54.0918 6455
54.1002 6456
54.1086 6457
54.1169 6458
54.1253 6459
54.1337 6460
54.1421 6461
54.1505 6462
54.1588 6463
54.1672 6464
54.1756 6465
54.184 6466
54.1924 6467
54.2007 6468
54.2091 6469
54.2175 6470
54.2259 6471
54.2342 6472
54.2426 6473
54.2509 6474
54.2594 6475
54.2677 6476
54.2761 6477
54.2845 6478
54.2929 6479
54.3012 6480
54.3096 6481
54.3179 6482
54.3263 6483
54.3347 6484
54.3431 6485
54.3515 6486
54.3598 6487
54.3682 6488
54.3766 6489
54.3849 6490
54.3933 6491
54.4016 6492
54.41 6493
54.4184 6494
54.4268 6495
54.4352 6496
54.4436 6497
54.4519 6498
54.4603 6499
54.4687 6500
54.4771 6501
54.4855 6502
54.4938 6503
54.5022 6504
54.5105 6505
54.519 6506
54.5273 6507
54.5357 6508
54.5441 6509
54.5525 6510
54.5609 6511
54.5692 6512
54.5776 6513
54.5868 6514
54.5943 6515
54.6027 6516
54.6111 6517
54.6194 6518
54.6278 6519
54.6362 6520
54.6446 6521
54.653 6522
54.6613 6523
54.6697 6524
54.6781 6525
54.6865 6526
54.6948 6527
54.7032 6528
54.7116 6529
54.7199 6530
54.7283 6531
54.7367 6532
54.7451 6533
54.7535 6534
54.7618 6535
54.7702 6536
54.7786 6537
54.787 6538
54.7953 6539
54.8037 6540
54.8121 6541
54.8204 6542
54.8288 6543
54.8372 6544
54.8456 6545
54.8539 6546
54.8623 6547
54.8707 6548
54.8791 6549
54.8874 6550
54.8958 6551
54.9042 6552
54.9126 6553
54.9209 6554
54.9293 6555
54.9377 6556
54.9461 6557
54.9545 6558
54.9628 6559
54.9712 6560
54.9796 6561
54.9935 6562
54.9963 6563
55.0047 6564
55.013 6565
55.0214 6566
55.0298 6567
55.0381 6568
55.0465 6569
55.0549 6570
55.0634 6571
55.0717 6572
55.0801 6573
55.0885 6574
55.0968 6575
55.1052 6576
55.1136 6577
55.122 6578
55.1304 6579
55.1387 6580
55.1471 6581
55.1554 6582
55.1638 6583
55.1722 6584
55.1806 6585
55.189 6586
55.1974 6587
55.2057 6588
55.2141 6589
55.2224 6590
55.2308 6591
55.2392 6592
55.2476 6593
55.256 6594
55.2643 6595
55.2727 6596
55.2811 6597
55.2895 6598
55.2978 6599
55.3062 6600
55.3146 6601
55.3229 6602
55.3313 6603
55.3397 6604
55.348 6605
55.3565 6606
55.3648 6607
55.3732 6608
55.3816 6609
55.39 6610
55.3983 6611
55.4067 6612
55.415 6613
55.4234 6614
55.4318 6615
55.4402 6616
55.4486 6617
55.4569 6618
55.4653 6619
55.4737 6620
55.4821 6621
55.4904 6622
55.4988 6623
55.5072 6624
55.5156 6625
55.524 6626
55.5323 6627
55.5407 6628
55.5491 6629
55.5574 6630
55.5658 6631
55.5741 6632
55.5825 6633
55.5909 6634
55.5993 6635
55.6077 6636
55.6161 6637
55.6244 6638
55.6328 6639
55.6412 6640
55.6496 6641
55.6579 6642
55.6663 6643
55.6747 6644
55.6831 6645
55.6914 6646
55.6998 6647
55.7082 6648
55.7165 6649
55.7249 6650
55.7333 6651
55.7416 6652
55.7501 6653
55.7584 6654
55.7668 6655
55.7752 6656
55.7836 6657
55.7919 6658
55.8003 6659
55.8087 6660
55.817 6661
55.8254 6662
55.8338 6663
55.8422 6664
55.8506 6665
55.8589 6666
55.8674 6667
55.8757 6668
55.8841 6669
55.8925 6670
55.9008 6671
55.9092 6672
55.9177 6673
55.9259 6674
55.9354 6675
55.9427 6676
55.9511 6677
55.9595 6678
55.9678 6679
55.9762 6680
55.9846 6681
55.9929 6682
56.0013 6683
56.0097 6684
56.0181 6685
56.0265 6686
56.0348 6687
56.0432 6688
56.0516 6689
56.0602 6690
56.0683 6691
56.0767 6692
56.0851 6693
56.0935 6694
56.1018 6695
56.1102 6696
56.1185 6697
56.1269 6698
56.1353 6699
56.1437 6700
56.1521 6701
56.1605 6702
56.1688 6703
56.1772 6704
56.1856 6705
56.194 6706
56.2023 6707
56.2108 6708
56.2191 6709
56.2275 6710
56.2359 6711
56.2442 6712
56.2526 6713
56.261 6714
56.2694 6715
56.2778 6716
56.2861 6717
56.2944 6718
56.3028 6719
56.3112 6720
56.3196 6721
56.3279 6722
56.3363 6723
56.3447 6724
56.353 6725
56.3614 6726
56.3698 6727
56.3782 6728
56.3865 6729
56.3949 6730
56.4033 6731
56.4117 6732
56.42 6733
56.4284 6734
56.4368 6735
56.4451 6736
56.4536 6737
56.4619 6738
56.4703 6739
56.4787 6740
56.4871 6741
56.4954 6742
56.5038 6743
56.5121 6744
56.5206 6745
56.529 6746
56.5373 6747
56.5456 6748
56.5541 6749
56.5624 6750
56.5708 6751
56.5792 6752
56.5875 6753
56.596 6754
56.6043 6755
56.6126 6756
56.621 6757
56.6294 6758
56.6378 6759
56.6462 6760
56.6546 6761
56.6629 6762
56.6713 6763
56.6797 6764
56.6881 6765
56.6965 6766
56.7048 6767
56.7131 6768
56.7215 6769
56.7299 6770
56.7383 6771
56.7467 6772
56.7551 6773
56.7634 6774
56.7718 6775
56.7802 6776
56.7886 6777
56.797 6778
56.8053 6779
56.8137 6780
56.8221 6781
56.8305 6782
56.8388 6783
56.8472 6784
56.8556 6785
56.8639 6786
56.8723 6787
56.8807 6788
56.8891 6789
56.8975 6790
56.9058 6791
56.9142 6792
56.9225 6793
56.9309 6794
56.9393 6795
56.9476 6796
56.956 6797
56.9644 6798
56.9728 6799
56.9812 6800
56.9896 6801
56.9979 6802
57.0063 6803
57.0147 6804
57.023 6805
57.0314 6806
57.0398 6807
57.0481 6808
57.0565 6809
57.0649 6810
57.0733 6811
57.0817 6812
57.09 6813
57.0984 6814
57.1068 6815
57.1152 6816
57.1236 6817
57.1319 6818
57.1403 6819
57.1487 6820
57.1571 6821
57.1654 6822
57.1738 6823
57.1822 6824
57.1906 6825
57.199 6826
57.2074 6827
57.2157 6828
57.2241 6829
57.2325 6830
57.2408 6831
57.2492 6832
57.2576 6833
57.266 6834
57.2744 6835
57.2828 6836
57.2911 6837
57.2995 6838
57.3078 6839
57.3162 6840
57.3246 6841
57.333 6842
57.3413 6843
57.3497 6844
57.3581 6845
57.3664 6846
57.3748 6847
57.3832 6848
57.3916 6849
57.3999 6850
57.4083 6851
57.4167 6852
57.4251 6853
57.4335 6854
57.4418 6855
57.4502 6856
57.4586 6857
57.4669 6858
57.4753 6859
57.4837 6860
57.492 6861
57.5004 6862
57.5088 6863
57.5172 6864
57.5256 6865
57.5339 6866
57.5423 6867
57.5507 6868
57.559 6869
57.5674 6870
57.5758 6871
57.5842 6872
57.5926 6873
57.6009 6874
57.6093 6875
57.6177 6876
57.6261 6877
57.6344 6878
57.6428 6879
57.6511 6880
57.6595 6881
57.6679 6882
57.6763 6883
57.6847 6884
57.693 6885
57.7015 6886
57.7098 6887
57.7182 6888
57.7266 6889
57.735 6890
57.7433 6891
57.7517 6892
57.76 6893
57.7685 6894
57.7768 6895
57.7852 6896
57.7936 6897
57.802 6898
57.8103 6899
57.8187 6900
57.8271 6901
57.8355 6902
57.8438 6903
57.8522 6904
57.8605 6905
57.8689 6906
57.8773 6907
57.8856 6908
57.894 6909
57.9024 6910
57.9108 6911
57.9191 6912
57.9282 6913
57.9359 6914
57.9443 6915
57.9526 6916
57.961 6917
57.9694 6918
57.9778 6919
57.9862 6920
57.9945 6921
58.003 6922
58.0113 6923
58.0196 6924
58.028 6925
58.0365 6926
58.0448 6927
58.0532 6928
58.0616 6929
58.0699 6930
58.0783 6931
58.0867 6932
58.0951 6933
58.1035 6934
58.1118 6935
58.1202 6936
58.1286 6937
58.137 6938
58.1453 6939
58.1537 6940
58.1621 6941
58.1705 6942
58.1788 6943
58.1872 6944
58.1956 6945
58.2039 6946
58.2123 6947
58.2207 6948
58.2291 6949
58.2374 6950
58.2458 6951
58.2542 6952
58.2625 6953
58.271 6954
